0 0.7850416666666666 0.4881171875 0.033500000000000085 0.027726562500000006
0 0.49616666666666664 0.07455468750000001 0.014833333333333342 0.01564062500000001
0 0.9612291666666667 0.40163281250000005 0.03463541666666667 0.025226562499999973
0 0.090625 0.915390625 0.019687500000000007 0.013296874999999986
0 0.82165625 0.48090625 0.02201041666666678 0.030679687499999986
0 0.7084479166666667 0.154078125 0.0241458333333334 0.033546875
0 0.9288229166666666 0.3291015625 0.015083333333333353 0.02094531249999996
0 0.3052708333333333 0.46802343750000003 0.03228125000000001 0.01680468749999999
0 0.29210416666666666 0.09818750000000001 0.013687499999999986 0.015757812500000013
0 0.6933541666666667 0.264953125 0.026447916666666772 0.02658593749999998
0 0.8828645833333333 0.678640625 0.019229166666666703 0.02524999999999995
0 0.373625 0.1574296875 0.014281250000000039 0.013218750000000012
0 0.2826875 0.4243046875 0.028031249999999966 0.020023437500000085
0 0.6574687499999999 0.8310703125 0.019572916666666627 0.034906249999999875
0 0.4717708333333333 0.236296875 0.015864583333333352 0.015570312499999961
0 0.6211249999999999 0.09400781249999998 0.016312500000000084 0.014304687500000001
0 0.47925 0.7386874999999999 0.026791666666666696 0.016999999999999994
0 0.13266666666666665 0.43679687500000003 0.01835416666666667 0.014625000000000022
0 0.9062187500000001 0.9029296875 0.014937499999999914 0.03200000000000003
0 0.6547395833333333 0.3373125 0.02619791666666676 0.025007812499999994
0 0.6219687500000001 0.252703125 0.013979166666666742 0.01015625
0 0.5199479166666666 0.070015625 0.013614583333333385 0.012867187499999998
0 0.4031666666666667 0.27323437500000003 0.037375 0.017007812499999986
0 0.25014583333333335 0.1713515625 0.013614583333333326 0.01636718749999999
0 0.7620312499999999 0.3762734375 0.018177083333333382 0.03138281249999997
0 0.6179895833333333 0.9437656249999999 0.028135416666666656 0.025546874999999858
0 0.5801041666666666 0.8452890625 0.025697916666666744 0.014796875000000043
0 0.6582083333333333 0.29896875 0.016958333333333304 0.027374999999999972
0 0.8232916666666666 0.1868046875 0.018906250000000093 0.02365624999999998
0 0.18792708333333333 0.41981250000000003 0.03295833333333332 0.015062499999999979
0 0.9556458333333333 0.3021640625 0.025874999999999915 0.028749999999999963
0 0.9053020833333334 0.2689765625 0.01629166666666677 0.024562500000000043
0 0.032552083333333336 0.2043671875 0.02419791666666667 0.02212500000000004
0 0.8801770833333333 0.8218046875 0.01767708333333336 0.0279296875
0 0.96975 0.3342109375 0.01661458333333338 0.024796875000000006
0 0.4882916666666667 0.1999453125 0.01580208333333329 0.01314062500000004
0 0.42212500000000003 0.602484375 0.04001041666666663 0.015265624999999972
0 0.44790625 0.06865625 0.013208333333333282 0.018914062500000006
0 0.22142708333333333 0.8887812500000001 0.037229166666666674 0.01910937500000003
0 0.9473333333333334 0.7214296874999999 0.026916666666666582 0.015468749999999965
0 0.10966666666666666 0.3378515625 0.01566666666666666 0.013945312500000018
0 0.8825520833333333 0.7618750000000001 0.03598958333333328 0.014242187500000014
0 0.73721875 0.2637578125 0.025770833333333344 0.022218750000000044
0 0.7064479166666667 0.733296875 0.02755208333333338 0.01593750000000007
0 0.15545833333333334 0.7337578125 0.016145833333333335 0.03142187500000002
0 0.04084375 0.3547265625 0.01454166666666666 0.014078124999999986
0 0.5169374999999999 0.6352109375 0.020989583333333308 0.024070312499999958
0 0.8199895833333334 0.15828124999999998 0.015718749999999913 0.028210937500000012
0 0.45497916666666666 0.4186875 0.027322916666666686 0.025460937499999937
0 0.5191875 0.8068593749999999 0.030135416666666616 0.02507812499999993
0 0.7600520833333333 0.3151796875 0.022812500000000093 0.023617187500000015
0 0.6539583333333333 0.9246796875 0.028437499999999952 0.020703125
0 0.07254166666666667 0.24816406249999998 0.02233333333333333 0.01657812500000002
0 0.6667708333333333 0.8796406250000001 0.015625 0.03021874999999987
0 0.2579375 0.6759921875 0.017749999999999964 0.02711718750000003
0 0.8938020833333333 0.335265625 0.025385416666666553 0.02427343750000004
0 0.93675 0.502953125 0.021333333333333353 0.029593750000000085
0 0.12553125 0.65125 0.016427083333333346 0.009476562500000086
0 0.9716979166666667 0.45785937499999996 0.019947916666666763 0.027242187499999914
0 0.5914583333333333 0.20632812500000003 0.025718750000000058 0.024070312499999958
0 0.11755208333333332 0.98646875 0.02261458333333334 0.01984375000000007
0 0.617125 0.2902578125 0.03160416666666658 0.02419531250000002
0 0.4710520833333333 0.0661015625 0.01652083333333335 0.023562499999999997
0 0.04897916666666667 0.7759140625 0.018937499999999993 0.010164062499999993
0 0.5464479166666667 0.102671875 0.015916666666666638 0.013507812500000016
0 0.06677083333333332 0.5894999999999999 0.013947916666666652 0.02485937499999995
0 0.4187291666666667 0.8271171875000001 0.01743750000000001 0.026414062499999957
0 0.22434375 0.216984375 0.01854166666666668 0.010023437500000032
0 0.05919791666666666 0.207390625 0.020999999999999998 0.02874218749999997
0 0.46529166666666666 0.931078125 0.03169791666666662 0.028656249999999873
0 0.8925104166666666 0.22307031249999998 0.013000000000000018 0.025226562499999973
0 0.49723958333333335 0.35264843749999997 0.02993750000000001 0.012070312500000036
0 0.9504166666666667 0.6273515625 0.015864583333333352 0.025546875000000035
0 0.22657291666666665 0.442703125 0.02311458333333333 0.02075781249999995
0 0.017291666666666667 0.14796875 0.034583333333333334 0.019906250000000014
0 0.6413645833333333 0.8898671874999999 0.026437500000000114 0.013304687500000157
0 0.7173958333333333 0.358515625 0.012760416666666666 0.025562500000000023
0 0.5212916666666667 0.8434453124999999 0.017854166666666654 0.018429687500000114
0 0.11091666666666668 0.6991484375 0.011052083333333318 0.010757812499999986
0 0.7741041666666667 0.12625 0.027281250000000055 0.023046875
0 0.01596875 0.9150625 0.016135416666666666 0.00988281250000007
0 0.8750520833333333 0.5648828124999999 0.03665625000000006 0.023625000000000007
0 0.17734375 0.7741640624999999 0.01671875000000001 0.02993749999999995
0 0.50421875 0.769984375 0.023802083333333356 0.013187500000000085
0 0.45252083333333337 0.120046875 0.019156249999999986 0.014320312499999988
0 0.43578125 0.1132265625 0.030406250000000058 0.022750000000000003
0 0.7768645833333333 0.5566640625 0.017343750000000095 0.02681249999999995
0 0.8887395833333334 0.98740625 0.017864583333333427 0.021031250000000057
0 0.45066666666666666 0.32820312500000004 0.02798958333333334 0.018234375000000025
0 0.2503125 0.763234375 0.04341666666666662 0.016007812500000006
0 0.5827916666666667 0.1585859375 0.036906250000000064 0.026828125000000026
0 0.7238645833333333 0.11574218750000001 0.03024999999999996 0.026781250000000024
0 0.32538541666666665 0.9924843750000001 0.014364583333333295 0.010953124999999985
0 0.5024166666666666 0.8822890624999999 0.023302083333333338 0.021054687499999857
0 0.23832291666666666 0.280328125 0.014927083333333317 0.013093749999999993
0 0.7538645833333334 0.457703125 0.017208333333333315 0.03176562500000006
0 0.32342708333333337 0.4046484375 0.029312499999999984 0.032546875000000065
0 0.9057604166666666 0.389265625 0.025479166666666705 0.022031250000000037
0 0.14630208333333333 0.1469296875 0.025156249999999977 0.019523437500000008
0 0.0595 0.6400703125 0.014927083333333332 0.013992187500000064
0 0.6648854166666667 0.09343749999999999 0.021572916666666705 0.01319531249999999
0 0.9310625 0.613328125 0.014833333333333342 0.023453124999999984
0 0.3442604166666667 0.23943750000000003 0.015864583333333352 0.010898437500000035
0 0.8385312500000001 0.2122734375 0.01495833333333323 0.02514062499999996
0 0.8326041666666666 0.9237500000000001 0.014572916666666677 0.027523437500000015
0 0.9535729166666667 0.763375 0.02311458333333339 0.021195312500000084
0 0.6674687499999999 0.132125 0.020822916666666677 0.02686718749999999
0 0.76415625 0.1931328125 0.03058333333333323 0.020648437500000005
0 0.9414166666666667 0.687171875 0.034385416666666654 0.013156249999999935
0 0.160875 0.499328125 0.03216666666666666 0.014437500000000015
0 0.06036458333333334 0.989875 0.028250000000000004 0.017320312500000056
0 0.26436458333333335 0.459640625 0.023708333333333324 0.019382812499999957
0 0.3721875 0.53965625 0.023354166666666624 0.014742187499999915
0 0.4875416666666667 0.2954140625 0.024979166666666684 0.02084374999999996
0 0.116125 0.6370078125 0.014749999999999996 0.012312499999999994
0 0.4054479166666667 0.9752656249999999 0.013937499999999995 0.016804687500000172
0 0.14709375 0.785390625 0.026677083333333348 0.01459375000000005
0 0.43183333333333335 0.6480234375 0.028885416666666684 0.014523437499999936
0 0.8030729166666667 0.3033984375 0.02482291666666659 0.016312499999999997
0 0.6144583333333333 0.14457031250000002 0.025677083333333427 0.01883593750000001
0 0.4366145833333333 0.21909375 0.013947916666666652 0.010453124999999997
0 0.57865625 0.0791875 0.018625000000000114 0.01334375000000001
0 0.18740625 0.07334375 0.034489583333333344 0.020890625000000006
0 0.5726770833333333 0.78428125 0.018312499999999923 0.02709375000000005
0 0.53265625 0.7583359375 0.015479166666666563 0.028585937499999936
0 0.11201041666666667 0.9346953125 0.015031250000000006 0.008367187500000029
0 0.40601041666666665 0.8975937500000001 0.028822916666666625 0.013296874999999986
0 0.44076041666666665 0.8419531250000001 0.02648958333333328 0.014570312500000071
0 0.2799583333333333 0.6189296875 0.04200000000000005 0.012601562500000085
0 0.8164270833333334 0.3650859375 0.01577083333333344 0.028171875000000048
0 0.7140000000000001 0.8994687499999999 0.037541666666666626 0.017906250000000058
0 0.7777083333333333 0.9553828125000001 0.016739583333333266 0.021140624999999958
0 0.48415625 0.144890625 0.027718750000000014 0.017148437499999992
0 0.455125 0.369453125 0.02734375 0.012515624999999985
0 0.9243125 0.9493359375000001 0.031937500000000084 0.016304687499999915
0 0.8465833333333334 0.9697421875 0.027395833333333286 0.01503124999999983
0 0.26771875 0.060804687499999996 0.027072916666666676 0.017999999999999995
0 0.3918125 0.9930468749999999 0.01505208333333338 0.012921874999999972
0 0.9067083333333333 0.29231250000000003 0.014854166666666658 0.019187499999999958
0 0.5351770833333334 0.4308515625 0.01637500000000003 0.03423437499999995
0 0.6985208333333334 0.3486328125 0.012093749999999896 0.019976562500000038
0 0.08245833333333333 0.10523437499999999 0.02591666666666666 0.011414062500000011
0 0.5433854166666666 0.65596875 0.01427083333333338 0.027250000000000087
0 0.6150625000000001 0.20177343749999999 0.029885416666666723 0.02128125000000001
0 0.3298125 0.3578359375 0.037656249999999974 0.02232031250000004
0 0.29115625 0.16304687499999998 0.018124999999999978 0.015140624999999996
0 0.93296875 0.9889296875 0.028718749999999935 0.013187500000000085
0 0.08323958333333333 0.15424218750000002 0.029812500000000006 0.011781249999999988
0 0.48033333333333333 0.158734375 0.020010416666666704 0.012929687500000009
0 0.8029479166666668 0.45949999999999996 0.013114583333333247 0.01917187499999997
0 0.3947395833333333 0.23271875 0.01604166666666664 0.012078125000000028
0 0.42946875 0.2563359375 0.02756250000000004 0.015437499999999993
0 0.8142812500000001 0.6997656250000001 0.030062499999999895 0.012890625
0 0.5570520833333333 0.1296171875 0.02190624999999997 0.019320312500000013
0 0.9901666666666666 0.7155390625 0.019291666666666648 0.022468749999999992
0 0.7367395833333333 0.35378906250000003 0.018125000000000096 0.012757812500000031
0 0.29507291666666663 0.1918359375 0.01733333333333332 0.015578124999999998
0 0.5229479166666666 0.238 0.017666666666666705 0.009640625000000024
0 0.97678125 0.3687890625 0.015364583333333333 0.031546874999999995
0 0.15929166666666666 0.6436171875000001 0.011916666666666664 0.011648437500000063
0 0.8128958333333334 0.8969843750000001 0.029177083333333322 0.016226562499999986
0 0.8302083333333333 0.781015625 0.02879166666666677 0.012570312499999936
0 0.06210416666666666 0.7615937500000001 0.01719791666666667 0.011156249999999979
0 0.43047916666666663 0.528625 0.011583333333333338 0.020101562500000014
0 0.3608541666666667 0.056898437499999996 0.031083333333333366 0.013578124999999996
0 0.3226979166666667 0.06887499999999999 0.01842708333333339 0.012460937499999991
0 0.9878645833333334 0.5620078125 0.023062500000000104 0.020164062499999958
0 0.8614479166666666 0.65378125 0.01743750000000001 0.008914062500000064
0 0.7608750000000001 0.8895234375 0.028885416666666684 0.016671875000000114
0 0.5744375 0.283640625 0.027604166666666666 0.02491406249999999
0 0.9141041666666666 0.41997656250000004 0.019177083333333417 0.029773437499999923
0 0.5166354166666667 0.956828125 0.018020833333333285 0.01637500000000003
0 0.46561458333333333 0.8776015625 0.028437499999999952 0.018617187499999945
0 0.8446145833333334 0.659734375 0.018729166666666686 0.00708593749999995
0 0.31082291666666667 0.9601640625 0.0214479166666667 0.010328124999999844
0 0.335 0.8704765625 0.0140625 0.021945312500000112
0 0.45834375 0.15787500000000002 0.021187500000000033 0.0140625
0 0.4538229166666667 0.8604375 0.014833333333333342 0.018890624999999873
0 0.7574479166666667 0.8125078125 0.02535416666666658 0.01307812499999983
0 0.47887500000000005 0.27039843750000003 0.021260416666666632 0.01779687499999998
0 0.49824999999999997 0.9602187499999999 0.019979166666666614 0.018539062500000016
0 0.24103124999999997 0.1368125 0.01569791666666666 0.012101562500000006
0 0.33769791666666665 0.11472656249999999 0.022875000000000038 0.019601562499999982
0 0.9266770833333333 0.3810234375 0.019187500000000076 0.01864062500000001
0 0.9899375 0.9390859375 0.01978125000000001 0.01978125000000013
0 0.5216458333333333 0.6391953125 0.02027083333333337 0.02485937499999995
0 0.41676041666666663 0.10607031250000001 0.025416666666666643 0.015242187499999994
0 0.12440625000000001 0.11863281249999999 0.025979166666666664 0.019625000000000004
0 0.12627083333333333 0.20720312500000002 0.02006249999999999 0.027460937499999984
0 0.15201041666666668 0.1961015625 0.020885416666666677 0.01958593750000004
0 0.5363645833333333 0.36809375 0.012364583333333219 0.02190624999999997
0 0.4092083333333333 0.2253671875 0.0171875 0.011562499999999965
0 0.07803125 0.177875 0.028354166666666666 0.015445312499999985
0 0.6215625 0.5967421875000001 0.023562499999999886 0.014101562499999965
0 0.65390625 0.1170703125 0.01505208333333338 0.02078906250000001
0 0.22505208333333335 0.489140625 0.016885416666666646 0.034914062500000044
0 0.3213125 0.54125 0.025697916666666622 0.010382812499999972
0 0.1798958333333333 0.8647578125000001 0.02351041666666666 0.01721874999999997
0 0.7790520833333333 0.41671874999999997 0.023270833333333248 0.010570312499999979
0 0.5029479166666666 0.987390625 0.01889583333333332 0.023968749999999872
0 0.8096875 0.3508046875 0.014250000000000066 0.02341406250000002
0 0.6410833333333333 0.4031015625 0.022489583333333247 0.011093750000000036
0 0.91525 0.24703124999999998 0.014427083333333238 0.021273437500000013
0 0.055802083333333335 0.10675781250000001 0.02338541666666667 0.012226562499999982
0 0.85265625 0.9500546875 0.014124999999999943 0.017367187500000013
0 0.5401875 0.7974296875 0.02028125000000003 0.021656249999999842
0 0.9873958333333334 0.8095859375 0.024416666666666722 0.014601562500000043
0 0.9338854166666667 0.47817968750000006 0.016562500000000095 0.02022656250000008
0 0.2550104166666667 0.111484375 0.009791666666666643 0.012250000000000006
0 0.7028020833333334 0.73725 0.028249999999999886 0.016773437500000023
0 0.27811458333333333 0.371875 0.02041666666666669 0.01185937499999996
0 0.07745833333333334 0.19636718749999998 0.028677083333333336 0.017906250000000012
0 0.3523229166666667 0.6005078125 0.016552083333333318 0.021593750000000078
0 0.005729166666666666 0.2625 0.011458333333333333 0.009375
0 0.09586458333333334 0.593984375 0.025499999999999988 0.01085937500000007
0 0.7143229166666667 0.9900234375 0.025562499999999964 0.018820312500000113
0 0.18967708333333333 0.8362812500000001 0.013312499999999972 0.030398437499999886
0 0.697875 0.450171875 0.015864583333333352 0.01910937500000003
0 0.50915625 0.4193203125 0.02227083333333333 0.013664062500000008
0 0.019885416666666666 0.5174921875 0.022374999999999996 0.006601562500000035
0 0.14567708333333332 0.600578125 0.015708333333333317 0.03258593750000003
0 0.3676041666666666 0.06982812499999999 0.023635416666666725 0.016437499999999994
0 0.2044375 0.5367890625 0.037687500000000006 0.015445312499999985
0 0.17559375 0.8418515624999999 0.018947916666666665 0.0108281250000001
0 0.14253125000000003 0.619984375 0.02617708333333333 0.013773437500000086
0 0.38146874999999997 0.866234375 0.015104166666666667 0.010953124999999985
0 0.52925 0.7826875 0.014072916666666657 0.022734374999999928
0 0.7344791666666667 0.7778046875 0.02396874999999999 0.022164062499999915
0 0.54515625 0.2888359375 0.015000000000000095 0.010835937500000004
0 0.57796875 0.1361328125 0.027468749999999886 0.01178906249999998
0 0.19307291666666665 0.5595078124999999 0.019166666666666644 0.015664062499999964
0 0.19234375 0.3236328125 0.021749999999999995 0.012289062500000014
0 0.45897916666666666 0.5258828125 0.012364583333333339 0.023281249999999965
0 0.021708333333333333 0.498953125 0.014624999999999999 0.015523437499999914
0 0.7475416666666667 0.7960234374999999 0.019614583333333258 0.020937499999999963
0 0.31159375 0.057703125 0.023354166666666624 0.013898437499999994
0 0.31896874999999997 0.12117968750000001 0.012239583333333333 0.009226562500000002
0 0.6529895833333333 0.13446875 0.018031249999999943 0.020179687499999988
0 0.29129166666666667 0.3735546875 0.024479166666666666 0.012742187499999957
0 0.8285625 0.3020078125 0.015333333333333362 0.025015624999999986
0 0.9452291666666667 0.4612890625 0.015177083333333266 0.01789062500000007
0 0.23525000000000001 0.31532031250000003 0.017885416666666685 0.009054687500000025
0 0.9926979166666666 0.6441953125000001 0.013312499999999972 0.013874999999999993
0 0.3765104166666667 0.41875 0.02119791666666669 0.024015625000000006
0 0.8761354166666667 0.31935156249999996 0.013885416666666591 0.020906249999999994
0 0.49912500000000004 0.275015625 0.016437499999999973 0.019203125000000033
0 0.8817291666666667 0.9264296875 0.029239583333333267 0.014093749999999971
0 0.01503125 0.45708593750000004 0.014312500000000002 0.013968750000000085
0 0.06330208333333334 0.5860624999999999 0.013520833333333338 0.02463281249999998
0 0.83690625 0.920546875 0.015625 0.028062500000000056
0 0.25844791666666667 0.359890625 0.018229166666666668 0.014046875000000014
0 0.24453125 0.1112890625 0.01711458333333334 0.011554687500000016
0 0.8136145833333334 0.32629687500000004 0.013895833333333248 0.021171875000000017
0 0.19479166666666667 0.8413828125 0.012395833333333309 0.028062500000000056
0 0.1365104166666667 0.16915625 0.016312500000000025 0.011539062499999985
0 0.15333333333333332 0.162484375 0.02404166666666665 0.016937500000000005
0 0.08709375 0.23490625 0.021375000000000012 0.01127343749999996
0 0.95628125 0.8879140624999999 0.028895833333333343 0.025015624999999986
0 0.4652604166666666 0.72596875 0.02503124999999997 0.01096093749999998
0 0.14879166666666668 0.7662578124999999 0.015458333333333307 0.010265625000000079
0 0.3655625 0.6188984375000001 0.012989583333333362 0.021593750000000078
0 0.33298958333333334 0.08399218750000001 0.0151979166666667 0.010101562500000005
0 0.6801145833333333 0.3251484375 0.01754166666666658 0.008249999999999957
0 0.98484375 0.357234375 0.012968750000000048 0.026257812500000012
0 0.6704479166666667 0.772765625 0.009322916666666714 0.010171874999999986
0 0.5940104166666667 0.2489921875 0.0141354166666666 0.008687500000000004
0 0.3740729166666667 0.8097265625000001 0.023572916666666662 0.012445312499999871
0 0.0051875 0.662484375 0.010375 0.01749218750000008
0 0.40528125 0.9284296875000001 0.016437499999999973 0.010164062500000171
0 0.21695833333333334 0.5507734375 0.02834374999999998 0.014320312499999942
0 0.99509375 0.6714921875 0.00872916666666678 0.02190624999999997
0 0.9665729166666667 0.9241718750000001 0.01886458333333323 0.027085937500000056
0 0.3618645833333333 0.6168437499999999 0.012729166666666696 0.020718749999999987
0 0.33558333333333334 0.1001953125 0.020718749999999987 0.011953125000000009
0 0.3591979166666667 0.13093749999999998 0.013500000000000038 0.009718749999999998
0 0.00746875 0.684453125 0.013718749999999998 0.009234374999999951
0 0.7145833333333333 0.42853125 0.013135416666666563 0.015273437499999964
0 0.006041666666666666 0.8323281250000001 0.011927083333333333 0.013187500000000085
0 0.9779479166666667 0.9100390624999999 0.019270833333333334 0.01782812500000013
0 0.5522916666666667 0.7688984375000001 0.012645833333333438 0.01183593750000007
0 0.19582291666666668 0.28528125000000004 0.01597916666666664 0.010710937500000028
0 0.2485625 0.321671875 0.030031249999999985 0.015625
0 0.27182291666666664 0.6581328125 0.008395833333333276 0.01574218750000007
0 0.7860625 0.7482890624999999 0.033083333333333326 0.013906249999999964
0 0.9591979166666668 0.952515625 0.01530208333333339 0.02399218750000003
0 0.99403125 0.6982578125 0.011197916666666667 0.012515624999999985
0 0.1825625 0.766953125 0.015666666666666686 0.027671875000000058
0 0.34402083333333333 0.15225781249999998 0.022531249999999996 0.011125000000000006
0 0.5122708333333333 0.39840624999999996 0.013156249999999996 0.016898437499999995
0 0.4095416666666667 0.9317265625 0.01767708333333336 0.009148437500000028
0 0.7816562499999999 0.572765625 0.018645833333333427 0.015398437500000028
0 0.626125 0.959953125 0.022385416666666675 0.0126093749999999
0 0.08527083333333334 0.28775 0.014781249999999998 0.007695312500000018
0 0.10121875 0.6210078125 0.009645833333333324 0.007703124999999922
0 0.58971875 0.23819531249999998 0.014208333333333437 0.009929687500000029
0 0.5016875 0.42500781249999997 0.02212500000000001 0.01381250000000005
0 0.13 0.4881953125 0.03913541666666666 0.013687499999999986
0 0.2876666666666667 0.6149140625 0.035520833333333356 0.013859375000000007
0 0.5247708333333333 0.22364062499999998 0.01512499999999998 0.01567968750000004
0 0.3811875 0.43617968749999997 0.020895833333333277 0.010710937500000028