0 0.4107395833333333 0.86025 0.03958333333333333 0.02989062500000017
0 0.20671874999999998 0.7612734375 0.022302083333333358 0.03220312500000002
0 0.21952083333333333 0.2330546875 0.028843749999999998 0.027859374999999974
0 0.10571875 0.16628125 0.01978125000000001 0.02960156249999999
0 0.206 0.6008125 0.022718750000000003 0.03212499999999992
0 0.49484375 0.9123281249999999 0.027437500000000035 0.026734374999999845
0 0.5783229166666667 0.7376953125 0.032979166666666754 0.029875000000000006
0 0.18708333333333332 0.2645546875 0.026958333333333327 0.03314843749999996
0 0.59259375 0.520578125 0.03576041666666659 0.018289062500000064
0 0.5076041666666666 0.6634453125 0.018020833333333285 0.029335937499999964
0 0.18089583333333334 0.829078125 0.01758333333333333 0.03573437499999983
0 0.36713541666666666 0.686359375 0.017749999999999964 0.042679687500000084
0 0.6686666666666666 0.6051640625 0.024843749999999904 0.02706250000000008
0 0.7931562499999999 0.38953906250000003 0.043343749999999896 0.027078125000000064
0 0.1323645833333333 0.32101562499999997 0.022510416666666682 0.022148437500000017
0 0.23144791666666667 0.10234375 0.024885416666666653 0.03428125
0 0.10752083333333333 0.450796875 0.021187500000000005 0.03797656249999992
0 0.519 0.3167421875 0.037416666666666744 0.026250000000000016
0 0.8815729166666666 0.725609375 0.02873958333333325 0.013007812500000071
0 0.83175 0.7718671875 0.019874999999999924 0.026195312499999977
0 0.27734375 0.634484375 0.04158333333333329 0.013546874999999936
0 0.5454375 0.8828359375 0.02939583333333336 0.04239062500000017
0 0.23977083333333335 0.41778125 0.018166666666666664 0.03870312499999997
0 0.17441666666666666 0.4645859375 0.02439583333333335 0.03831249999999997
0 0.11439583333333332 0.042726562499999995 0.036416666666666674 0.027476562500000013
0 0.28728125000000004 0.49857031249999995 0.020135416666666708 0.029390624999999913
0 0.3478333333333333 0.917796875 0.02504166666666663 0.03534374999999983
0 0.5181458333333333 0.9741796875000001 0.025010416666666656 0.03117187500000007
0 0.8055416666666667 0.9414609374999999 0.026072916666666637 0.02046874999999986
0 0.3341458333333333 0.8623515625 0.02023958333333328 0.03658593749999994
0 0.1396875 0.1263671875 0.02735416666666666 0.022531249999999982
0 0.3695729166666667 0.062234374999999995 0.021156249999999942 0.02464843750000001
0 0.08269791666666666 0.31623437499999996 0.03590625 0.015203125000000029
0 0.2560208333333333 0.8811484374999999 0.016291666666666652 0.02793750000000017
0 0.06259375 0.4849375 0.036177083333333325 0.028195312499999937
0 0.10517708333333334 0.5215546875 0.03035416666666665 0.024109374999999923
0 0.7089895833333333 0.2993125 0.01981249999999998 0.03184374999999999
0 0.18267708333333335 0.3497734375 0.018499999999999992 0.040257812499999976
0 0.0879375 0.41834375 0.028041666666666652 0.0283203125
0 0.5998229166666668 0.4878125 0.021687499999999933 0.03351562500000007
0 0.44515625000000003 0.384 0.028718750000000053 0.024398437500000016
0 0.9819166666666667 0.5090703125 0.019333333333333275 0.03039062500000007
0 0.2651875 0.596125 0.032875 0.023726562499999916
0 0.20112500000000003 0.0553828125 0.03136458333333335 0.013117187499999993
0 0.5937083333333334 0.09953125 0.019979166666666732 0.028414062500000004
0 0.4683333333333334 0.3449609375 0.019906250000000014 0.04438281250000005
0 0.1675 0.21278125 0.03419791666666665 0.022843750000000006
0 0.7171666666666667 0.8690468750000001 0.0289791666666666 0.02250000000000014
0 0.16554166666666664 0.24246875 0.03514583333333334 0.033890624999999994
0 0.046260416666666665 0.519890625 0.046843749999999997 0.014953125000000077
0 0.5658541666666667 0.1808203125 0.018697916666666713 0.03104687500000001
0 0.3428229166666667 0.3562265625 0.015531249999999967 0.03420312499999998
0 0.2158020833333333 0.809953125 0.015374999999999991 0.032187499999999855
0 0.8815520833333333 0.6005625 0.02926041666666658 0.02123437500000005
0 0.35521874999999997 0.41108593750000005 0.015062500000000038 0.022250000000000013
0 0.5634791666666668 0.819609375 0.037343749999999905 0.016507812500000087
0 0.9730104166666667 0.6049453125 0.021364583333333322 0.03502343749999994
0 0.6897916666666667 0.694125 0.028145833333333314 0.027953124999999978
0 0.44627083333333334 0.6529140625000001 0.022770833333333348 0.039054687500000004
0 0.8359375 0.0452109375 0.016677083333333325 0.029679687499999996
0 0.8449479166666667 0.3669453125 0.03686458333333344 0.014289062499999972
0 0.019656250000000004 0.1744296875 0.03469791666666667 0.02921093749999999
0 0.7175833333333334 0.11771875000000001 0.025093749999999915 0.01610156250000001
0 0.9184895833333333 0.9870546875 0.036312499999999893 0.022789062500000058
0 0.46084375000000005 0.7398203125 0.021218750000000005 0.027921875000000006
0 0.03676041666666666 0.0830078125 0.03184375000000001 0.027867187500000012
0 0.40711458333333334 0.39837500000000003 0.030312500000000023 0.01860937500000004
0 0.16369791666666667 0.8582656249999999 0.04846875000000003 0.01721874999999997
0 0.4506875 0.9194531250000001 0.022947916666666637 0.02578906250000017
0 0.5222708333333334 0.047703125 0.0331874999999999 0.014132812500000003
0 0.6229375 0.2403125 0.016854166666666733 0.037015624999999996
0 0.8296875 0.33096875 0.014656249999999933 0.026953125
0 0.9092812499999999 0.641671875 0.014427083333333238 0.025375000000000016
0 0.05375 0.43883593750000005 0.020104166666666663 0.03720312499999991
0 0.49053125000000003 0.79240625 0.014093749999999971 0.0348515625000001
0 0.44559374999999996 0.9414999999999999 0.022572916666666623 0.022945312499999915
0 0.055 0.11302343749999999 0.026583333333333344 0.020296875000000013
0 0.09826041666666667 0.11167968749999999 0.01910416666666667 0.03284375000000002
0 0.43307291666666664 0.051890625 0.04224999999999994 0.01775
0 0.9695208333333334 0.9202734375 0.017416666666666695 0.026914062499999857
0 0.3196145833333333 0.018062500000000002 0.04645833333333336 0.0316484375
0 0.2699166666666667 0.348078125 0.02411458333333331 0.04124999999999997
0 0.6990312500000001 0.5955 0.01984374999999995 0.022289062499999977
0 0.37030208333333337 0.2162578125 0.018083333333333347 0.04017187499999997
0 0.22885416666666666 0.565359375 0.03166666666666664 0.02876562499999995
0 0.9868020833333334 0.6571953125000001 0.02357291666666678 0.03346093749999994
0 0.3033645833333333 0.887140625 0.02130208333333338 0.033320312500000074
0 0.8221041666666667 0.177515625 0.021687499999999933 0.012164062499999994
0 0.5648125 0.053117187499999996 0.027166666666666592 0.012265624999999992
0 0.34221874999999996 0.3045234375 0.032250000000000036 0.0130859375
0 0.15139583333333334 0.63865625 0.02194791666666666 0.04176562500000003
0 0.27554166666666663 0.4076953125 0.021864583333333344 0.03582031249999993
0 0.5641770833333334 0.6490390625 0.04022916666666655 0.014750000000000086
0 0.3519375 0.1746875 0.016989583333333277 0.026515624999999998
0 0.16360416666666666 0.28514062500000004 0.017124999999999998 0.025203124999999993
0 0.06676041666666667 0.7334921875 0.04402083333333332 0.04158593750000002
0 0.95778125 0.271703125 0.025843749999999943 0.010304687500000043
0 0.36532291666666666 0.7701875 0.0300416666666667 0.030335937499999945
0 0.7653645833333333 0.6361953125 0.040250000000000105 0.017453124999999937
0 0.9281666666666666 0.4924453125 0.027104166666666648 0.010890625000000043
0 0.90703125 0.710265625 0.019010416666666665 0.02510937500000008
0 0.43478125 0.8216953124999999 0.03781249999999995 0.023968749999999872
0 0.013833333333333333 0.44020312500000003 0.02765625 0.03138281250000006
0 0.09334375 0.23914062500000002 0.047947916666666666 0.021195312499999997
0 0.9422604166666667 0.348859375 0.026124999999999923 0.017648437500000023
0 0.2633645833333334 0.7187578125 0.01864583333333331 0.04482812500000009
0 0.3288125 0.165609375 0.025687499999999967 0.028960937499999995
0 0.68621875 0.44453125 0.04066666666666663 0.013499999999999979
0 0.5000520833333334 0.0227265625 0.02300000000000004 0.030703124999999998
0 0.08839583333333333 0.1560390625 0.01875 0.01976562500000001
0 0.6189791666666667 0.8175156250000001 0.031145833333333428 0.014820312499999844
0 0.64465625 0.5996406249999999 0.022854166666666724 0.021476562500000008
0 0.94715625 0.45028125 0.039197916666666784 0.01819531249999997
0 0.9491666666666667 0.5795078124999999 0.02503124999999997 0.017398437499999985
0 0.9506770833333333 0.9345859375 0.01732291666666678 0.03728124999999984
0 0.24463541666666666 0.9034765625000001 0.044333333333333336 0.01847656250000007
0 0.7124895833333333 0.6150156250000001 0.028218749999999914 0.010554687499999993
0 0.033312499999999995 0.360796875 0.0395 0.03482031250000004
0 0.9754166666666666 0.116078125 0.01431250000000001 0.03646875000000001
0 0.5410416666666666 0.9508359375 0.021114583333333315 0.02843750000000007
0 0.17494791666666665 0.17417968749999999 0.023354166666666683 0.0389140625
0 0.6133229166666666 0.37698437500000004 0.01694791666666665 0.03282031249999999
0 0.8587291666666667 0.7021796874999999 0.02517708333333341 0.019187499999999958
0 0.5879583333333334 0.34325 0.02279166666666678 0.032210937500000016
0 0.6179479166666667 0.9263203125 0.02879166666666677 0.013156250000000114
0 0.6754270833333333 0.8279765625 0.024687500000000046 0.014906249999999944
0 0.12617708333333333 0.745125 0.025906250000000006 0.028515625
0 0.78634375 0.220265625 0.03682291666666657 0.01946874999999997
0 0.9240833333333334 0.400203125 0.028427083333333294 0.012585937499999922
0 0.6784895833333333 0.845109375 0.027447916666666572 0.012296874999999829
0 0.5574895833333334 0.090875 0.031218750000000028 0.013968749999999997
0 0.05269791666666667 0.0139140625 0.04505208333333333 0.0145390625
0 0.9917291666666667 0.081640625 0.01509375000000001 0.008867187499999995
0 0.68578125 0.408328125 0.02283333333333341 0.014343749999999923
0 0.6718645833333333 0.2571875 0.022875000000000038 0.011671875000000043
0 0.8832187499999999 0.211515625 0.03549999999999993 0.019492187500000036
0 0.8404791666666667 0.09315625000000001 0.011031249999999914 0.0173359375
0 0.9561770833333333 0.98771875 0.037843749999999926 0.02403125000000017
0 0.8980208333333334 0.5374140625 0.037437500000000054 0.011960937499999958
0 0.8980208333333334 0.064703125 0.016510416666666573 0.030953125000000005
0 0.64984375 0.6065 0.014697916666666562 0.026132812500000036
0 0.6178854166666666 0.30857812500000004 0.018979166666666696 0.030781249999999982
0 0.5389166666666667 0.9308046875 0.025677083333333427 0.018148437500000014
0 0.7268333333333333 0.8490624999999999 0.030895833333333417 0.015695312500000114
0 0.39160416666666664 0.7640781249999999 0.01530208333333339 0.03539062499999997
0 0.5831979166666666 0.462234375 0.011947916666666695 0.00998437499999998
0 0.8241770833333334 0.234171875 0.01920833333333339 0.009773437499999992
0 0.03630208333333333 0.45513281250000004 0.015062499999999994 0.035578124999999974
0 0.5458958333333332 0.17878906249999998 0.025218750000000036 0.03849218749999998
0 0.4911979166666667 0.5222734375 0.018343750000000013 0.013304687499999978
0 0.66984375 0.24421875 0.03885416666666662 0.012117187499999993
0 0.7263645833333333 0.5097265625 0.018729166666666686 0.016695312499999913
0 0.96884375 0.80890625 0.04214583333333337 0.01417968750000007
0 0.5970624999999999 0.078515625 0.03344791666666656 0.012867187499999998
0 0.6823437499999999 0.5646328125 0.013791666666666676 0.012773437499999929
0 0.70215625 0.35953124999999997 0.030197916666666675 0.01584374999999998
0 0.64934375 0.30078125 0.01895833333333338 0.019046874999999998
0 0.7507916666666666 0.07696875 0.018375000000000103 0.01612500000000001
0 0.7140625 0.6014062499999999 0.011270833333333266 0.006453124999999993
0 0.8492916666666667 0.6858046875 0.011239583333333296 0.011875000000000035
0 0.8383541666666667 0.9905703125 0.021875 0.015609375000000014
0 0.6001770833333333 0.9932968750000001 0.008500000000000086 0.013406249999999887
0 0.17966666666666667 0.6789375 0.024635416666666642 0.029148437499999957
0 0.6989270833333333 0.3493984375 0.020656249999999925 0.009882812499999982
0 0.6627395833333334 0.29634375 0.01072916666666662 0.012078125000000028