0 0.6467291666666667 0.21575000000000003 0.020937499999999904 0.03250781250000001
0 0.49688541666666663 0.23888281249999999 0.03864583333333336 0.03346093750000003
0 0.6706458333333334 0.6022031250000001 0.03663541666666674 0.023609375000000023
0 0.7374062499999999 0.8972734375 0.037843749999999926 0.0202031250000001
0 0.3053020833333333 0.43852343749999995 0.02486458333333334 0.02495312500000004
0 0.9462708333333333 0.3893515625 0.023489583333333286 0.02748437500000005
0 0.17973958333333334 0.7879765625 0.035468750000000014 0.02759374999999995
0 0.5112708333333333 0.9552734375 0.025875000000000033 0.020250000000000056
0 0.06986458333333333 0.0693125 0.026593750000000003 0.020132812500000007
0 0.8473958333333333 0.24639843749999998 0.04255208333333324 0.023343749999999996
0 0.593 0.4117109375 0.022593750000000058 0.032874999999999946
0 0.60271875 0.121078125 0.034177083333333275 0.03293750000000002
0 0.9293541666666666 0.29963281249999996 0.0406979166666666 0.027390624999999957
0 0.23813541666666668 0.925984375 0.04015625000000001 0.024734374999999885
0 0.6050729166666666 0.9506640624999999 0.02504166666666663 0.0301640625000001
0 0.08265625 0.0481328125 0.017343750000000005 0.0268828125
0 0.49266666666666664 0.730953125 0.02389583333333339 0.021882812499999994
0 0.7200416666666667 0.7865703125 0.020937499999999904 0.04253125000000004
0 0.7950729166666667 0.23003125 0.028635416666666677 0.023046875
0 0.5081666666666667 0.8904062500000001 0.01970833333333329 0.036679687499999857
0 0.11842708333333334 0.9468515625 0.018802083333333344 0.0333984375
0 0.14403125 0.30062500000000003 0.029958333333333323 0.021492187499999992
0 0.6905104166666667 0.6695 0.03643750000000002 0.02254687499999992
0 0.7234791666666667 0.18732031249999997 0.028989583333333256 0.027132812500000013
0 0.7454166666666667 0.9783671875 0.029604166666666744 0.012437500000000056
0 0.8798437499999999 0.9316093750000001 0.027718749999999896 0.03359375
0 0.49429166666666663 0.7890546875 0.02159375000000002 0.03618750000000013
0 0.7067291666666667 0.1054453125 0.03504166666666677 0.018140624999999976
0 0.13257291666666665 0.021187499999999998 0.019895833333333328 0.034898437500000004
0 0.8930729166666667 0.2709765625 0.035947916666666656 0.02762500000000001
0 0.952 0.2583515625 0.04129166666666677 0.035117187500000036
0 0.10391666666666667 0.297265625 0.018062500000000002 0.031148437500000004
0 0.30572916666666666 0.49328125 0.017729166666666647 0.03185937499999998
0 0.10857291666666667 0.2554453125 0.02361458333333332 0.026835937500000018
0 0.60975 0.607046875 0.020374999999999942 0.03839843750000007
0 0.09057291666666667 0.8496796874999999 0.02573958333333334 0.024484375000000114
0 0.8202812500000001 0.8280625 0.023312500000000114 0.025070312500000115
0 0.6488854166666667 0.1024921875 0.025156250000000095 0.026531249999999985
0 0.6699166666666667 0.50834375 0.033958333333333236 0.026953125
0 0.02733333333333333 0.5611484375 0.04121875 0.028148437499999977
0 0.4174583333333333 0.8614296875 0.029749999999999943 0.023390625000000043
0 0.5348645833333333 0.8555078125 0.016458333333333287 0.03459375000000016
0 0.025687500000000005 0.7149062500000001 0.022312500000000002 0.040437499999999994
0 0.8095104166666667 0.2936015625 0.02765624999999995 0.012859375000000029
0 0.8372499999999999 0.5398671875 0.026322916666666647 0.039304687499999956
0 0.2734166666666667 0.6785390625 0.020406250000000032 0.03561718749999994
0 0.3905625 0.9672265624999999 0.019625000000000035 0.015015624999999843
0 0.08123958333333332 0.12484375 0.022166666666666668 0.03228125
0 0.9047604166666667 0.8405312500000001 0.03878125000000002 0.03268750000000011
0 0.16634374999999998 0.8994453124999999 0.03918750000000001 0.015343749999999901
0 0.9143125 0.434859375 0.048208333333333304 0.01875781249999999
0 0.3462395833333333 0.34245312499999997 0.02722916666666665 0.03494531250000001
0 0.8398333333333333 0.11082031249999999 0.02992708333333335 0.019171875000000015
0 0.87821875 0.3233828125 0.016749999999999925 0.028195312500000024
0 0.67465625 0.3695703125 0.03232291666666664 0.01819531249999997
0 0.8984687499999999 0.3490546875 0.030697916666666696 0.031132812500000016
0 0.7180729166666667 0.27734375 0.031520833333333324 0.02790625000000002
0 0.8057083333333334 0.46939843750000004 0.048718749999999984 0.02341406250000002
0 0.8364166666666667 0.3183359375 0.03113541666666677 0.030898437499999966
0 0.42978124999999995 0.9783125 0.039937500000000035 0.024609375
0 0.3327916666666667 0.7695546875 0.04191666666666668 0.017960937500000006
0 0.33951041666666665 0.625046875 0.046177083333333376 0.020960937499999943
0 0.8493645833333333 0.60053125 0.013677083333333447 0.006718749999999929
0 0.8501770833333333 0.737703125 0.028229166666666573 0.01459375000000005
0 0.5158333333333334 0.71359375 0.014302083333333352 0.029781249999999915
0 0.43728125 0.12703906250000002 0.01658333333333329 0.027093750000000007
0 0.8042291666666667 0.3201796875 0.020833333333333332 0.026242187500000024
0 0.6226666666666667 0.5310937499999999 0.029749999999999943 0.01274999999999995
0 0.2627083333333333 0.40514062500000003 0.04446874999999994 0.019296875000000036
0 0.45630208333333333 0.1453515625 0.018281249999999954 0.03302343749999999
0 0.7953229166666667 0.6730859375 0.03472916666666658 0.018125000000000037
0 0.5004791666666667 0.8333515625000001 0.01587500000000001 0.03754687499999996
0 0.7081979166666666 0.7215859375 0.04118749999999996 0.021648437500000027
0 0.35179166666666667 0.8323046875 0.024687500000000046 0.029984375000000084
0 0.10363541666666666 0.5929765625 0.018739583333333344 0.025679687499999916
0 0.8187604166666667 0.7330390625 0.031145833333333428 0.031960937500000064
0 0.5586458333333333 0.12454687499999999 0.02802083333333343 0.034554687500000014
0 0.7698437499999999 0.1343984375 0.03876041666666671 0.022679687500000024
0 0.6603958333333334 0.19139062499999998 0.040260416666666764 0.014781250000000013
0 0.10655208333333334 0.5317734375 0.01587500000000001 0.02608593750000008
0 0.5390208333333334 0.43823437500000006 0.0274166666666666 0.017812499999999964
0 0.7747604166666666 0.9496249999999999 0.019406250000000114 0.035375000000000156
0 0.7228958333333334 0.2445859375 0.017375000000000067 0.03401562499999997
0 0.26698958333333334 0.8355625 0.040593750000000026 0.024093750000000115
0 0.2584166666666667 0.5859140625 0.030729166666666665 0.015148437500000079
0 0.8356145833333334 0.048765625 0.02145833333333324 0.02818750000000001
0 0.64225 0.5578203125 0.025479166666666705 0.03279687500000002
0 0.7521249999999999 0.9428515624999999 0.026750000000000065 0.012789062499999915
0 0.47241666666666665 0.8335390625000001 0.03164583333333333 0.013578125000000085
0 0.6537291666666667 0.8508906250000001 0.023885416666666732 0.038414062500000054
0 0.033604166666666664 0.011421875 0.036145833333333335 0.0208828125
0 0.9089270833333334 0.5087265624999999 0.034156249999999964 0.02581249999999997
0 0.22566666666666665 0.655125 0.02144791666666664 0.02400000000000002
0 0.5136145833333333 0.0294921875 0.014749999999999966 0.0323359375
0 0.93634375 0.5290859375 0.017177083333333343 0.03292968750000007
0 0.8537083333333333 0.668359375 0.04186458333333339 0.024882812499999928
0 0.39649999999999996 0.11753125 0.015666666666666627 0.03440625000000001
0 0.18914583333333335 0.5855234375 0.0344375 0.02893749999999997
0 0.26154166666666673 0.1194375 0.017343749999999977 0.029664062500000022
0 0.6739583333333333 0.5570234375 0.03610416666666675 0.02176562499999992
0 0.28482291666666665 0.5291406249999999 0.023708333333333324 0.026039062499999942
0 0.7701666666666667 0.29325 0.02495833333333337 0.010289062499999968
0 0.38467708333333334 0.5011640625 0.01693749999999999 0.026937500000000014
0 0.36876041666666665 0.07975 0.023708333333333324 0.0150390625
0 0.7990416666666668 0.08221875 0.018177083333333382 0.034273437500000004
0 0.5672916666666666 0.0980390625 0.029875000000000065 0.01100000000000001
0 0.9020625 0.12347656250000001 0.02330208333333322 0.020523437499999984
0 0.2752708333333333 0.7751875 0.03768749999999995 0.014859374999999985
0 0.378875 0.045203125 0.02482291666666671 0.0195546875
0 0.014270833333333333 0.11280468749999999 0.028541666666666667 0.02862499999999999
0 0.12503125 0.0571953125 0.021864583333333344 0.02662500000000001
0 0.50475 0.1120078125 0.0418854166666667 0.024273437499999995
0 0.7800312500000001 0.35203125 0.025312499999999953 0.020406250000000004
0 0.8123020833333333 0.057078125 0.02290625000000001 0.020500000000000008
0 0.8612291666666666 0.0291328125 0.03231249999999998 0.012351562500000001
0 0.3300104166666667 0.6846328125000001 0.011593749999999995 0.01889062500000005
0 0.3174375 0.7448125 0.039531250000000046 0.02072656249999998
0 0.8550625000000001 0.742984375 0.027187499999999906 0.01657812500000002
0 0.5474895833333334 0.0690625 0.014072916666666657 0.023031249999999993
0 0.9172083333333333 0.8805937500000001 0.02620833333333342 0.03039062500000007
0 0.2804375 0.7266796875 0.039114583333333286 0.015234375
0 0.05475 0.7657265625 0.013239583333333341 0.0294921875
0 0.8094166666666667 0.617546875 0.0188229166666666 0.022468749999999992
0 0.3271770833333333 0.8137109375 0.01563541666666666 0.02550781250000007
0 0.49158333333333337 0.522296875 0.029625000000000058 0.01632031250000008
0 0.266125 0.0409453125 0.01466666666666665 0.0400625
0 0.73990625 0.33981249999999996 0.019593749999999945 0.022289062499999977
0 0.7237708333333334 0.0582890625 0.015718749999999913 0.027679687500000005
0 0.9200833333333333 0.1258203125 0.020687499999999897 0.035109375
0 0.6765729166666666 0.058625000000000003 0.03227083333333335 0.025023437500000002
0 0.6393854166666666 0.90909375 0.023541666666666572 0.0192499999999999
0 0.8731770833333333 0.1153515625 0.029093750000000067 0.024554687500000005
0 0.9911041666666667 0.5582421875 0.016531249999999886 0.034140625000000036
0 0.009458333333333334 0.7365625 0.01891666666666667 0.019703125000000023
0 0.011916666666666664 0.5071015625 0.02228125 0.029648437500000034
0 0.55146875 0.5836796875 0.026010416666666696 0.012023437500000077
0 0.8625 0.1264609375 0.018343749999999895 0.01683593750000001
0 0.15320833333333334 0.49841406250000003 0.013020833333333334 0.02497656250000002
0 0.5376041666666667 0.5495390625 0.02158333333333336 0.02007031250000004
0 0.8516041666666666 0.8136640625 0.03333333333333333 0.013406249999999887
0 0.978375 0.36778125 0.02529166666666664 0.030703124999999963
0 0.14454166666666665 0.4546796875 0.0234375 0.016664062499999945
0 0.39339583333333333 0.017343749999999998 0.01459374999999999 0.02659375
0 0.8244479166666667 0.020624999999999998 0.02702083333333339 0.0288359375
0 0.42909375 0.74065625 0.028145833333333314 0.01877343749999998
0 0.068125 0.537296875 0.035062499999999996 0.012335937499999972
0 0.8078229166666666 0.9717968750000001 0.03469791666666661 0.015765624999999873
0 0.773875 0.033921875000000004 0.021468749999999894 0.0238984375
0 0.8046666666666666 0.1358828125 0.03376041666666675 0.015257812499999978
0 0.010020833333333335 0.651375 0.01975 0.019882812500000034
0 0.8350520833333334 0.9842265625 0.04009375000000001 0.020765624999999944
0 0.3026666666666667 0.723421875 0.029364583333333392 0.013148437499999943
0 0.30132291666666666 0.812328125 0.024135416666666624 0.016625000000000157
0 0.76409375 0.08269531249999999 0.03071875000000001 0.02254687500000001
0 0.8870416666666666 0.77675 0.025656250000000113 0.030335937499999945
0 0.40018750000000003 0.37906249999999997 0.014979166666666661 0.032367187499999964
0 0.7321770833333333 0.3690859375 0.011937500000000038 0.02776562499999997
0 0.012750000000000003 0.8040234375 0.025489583333333333 0.02012500000000017
0 0.17678125 0.86346875 0.02571875 0.021382812499999914
0 0.20025 0.8739609375 0.03754166666666669 0.029820312500000057
0 0.10167708333333333 0.553546875 0.01892708333333332 0.019054687500000077
0 0.4955416666666667 0.0106328125 0.02486458333333334 0.017078125
0 0.6617083333333333 0.81134375 0.04154166666666678 0.014789062499999872
0 0.9750729166666667 0.6701015625 0.03268750000000011 0.023625000000000007
0 0.05271875 0.789953125 0.024208333333333328 0.015124999999999921
0 0.7812291666666666 0.016765625 0.03526041666666657 0.018874999999999996
0 0.9423645833333333 0.8688984375000001 0.0316562500000001 0.017640624999999945
0 0.7858541666666666 0.6051562500000001 0.02374999999999995 0.010187499999999971
0 0.8705312500000001 0.1852734375 0.030697916666666696 0.025570312500000015
0 0.6415000000000001 0.333125 0.015541666666666742 0.03035937500000001
0 0.7654583333333334 0.1004765625 0.021281250000000067 0.015320312500000011
0 0.8810625000000001 0.21184375000000003 0.03134374999999991 0.01568750000000003
0 0.6722291666666667 0.0828203125 0.032343749999999956 0.024078124999999995
0 0.8292708333333334 0.7664921875 0.04780208333333344 0.015367187500000056
0 0.34830208333333335 0.718828125 0.026218749999999957 0.017867187499999916
0 0.9520104166666666 0.8866328125 0.03079166666666661 0.023765625000000058
0 0.7132916666666667 0.37498437500000004 0.016114583333333363 0.039664062499999986
0 0.8540729166666666 0.809421875 0.034041666666666734 0.01671875000000007
0 0.04369791666666667 0.15884375 0.0300625 0.019203124999999988
0 0.7155 0.0817421875 0.023489583333333286 0.011617187500000004
0 0.9404166666666666 0.8893984375 0.022593750000000058 0.02733593749999983
0 0.15636458333333333 0.399203125 0.03387499999999998 0.018515625000000036
0 0.661125 0.18656250000000002 0.041458333333333285 0.014351562500000003
0 0.5967916666666666 0.21164062499999997 0.013229166666666714 0.025601562499999987
0 0.08702083333333334 0.836125 0.02282291666666666 0.010179687500000156
0 0.7547604166666667 0.360125 0.020250000000000056 0.01378124999999999
0 0.8428229166666666 0.59603125 0.02410416666666677 0.03267968749999994
0 0.8150520833333333 0.0504296875 0.019833333333333297 0.027734375
0 0.3161979166666667 0.7896015625 0.023822916666666673 0.011429687500000086
0 0.7943854166666667 0.59434375 0.034687499999999954 0.01185937500000005
0 0.6999583333333333 0.0749765625 0.025062499999999942 0.019164062500000002
0 0.9556979166666667 0.665828125 0.026708333333333438 0.014546874999999914
0 0.17245833333333332 0.844890625 0.031468749999999976 0.01849999999999987
0 0.4501458333333333 0.45221875 0.027572916666666693 0.01193749999999998
0 0.38078125 0.505625 0.01552083333333331 0.02690625000000004
0 0.84884375 0.20340625 0.013000000000000018 0.024906249999999998
0 0.8445937499999999 0.9261874999999999 0.03365624999999994 0.0141718749999999
0 0.1754375 0.8389453124999999 0.03423958333333334 0.023367187499999886
0 0.12011458333333333 0.8574921874999999 0.02648958333333334 0.02307812499999997
0 0.47108333333333335 0.838125 0.03537500000000004 0.015085937499999957
0 0.365625 0.08414843749999999 0.02669791666666666 0.016656249999999994
0 0.03958333333333333 0.153953125 0.03185416666666666 0.01945312499999998
0 0.8953645833333332 0.7648359375 0.0355625000000001 0.020023437500000085
0 0.3260520833333333 0.7030546875 0.022166666666666637 0.012992187500000085
0 0.35792708333333334 0.70490625 0.01920833333333339 0.01068750000000005
0 0.36504166666666665 0.7225546875 0.01590624999999998 0.012789062499999915
0 0.78440625 0.9886171875 0.009083333333333362 0.008882812499999915
0 0.4999791666666667 0.9366406250000001 0.022572916666666623 0.012179687500000114
0 0.23048958333333333 0.9924843750000001 0.030885416666666644 0.01485156250000017
0 0.028864583333333336 0.7890625 0.021374999999999995 0.010164062499999993
0 0.8641979166666667 0.13546875 0.02376041666666661 0.012796874999999996
0 0.8052499999999999 0.5999531250000001 0.018375000000000103 0.009101562500000071
0 0.19928125 0.164203125 0.00977083333333333 0.01178906249999998
0 0.19463541666666667 0.210390625 0.02048958333333335 0.012687500000000008