0 0.762611111111111 0.7136510416666667 0.01438888888888875 0.003989583333333257
0 0.6730092592592593 0.7579739583333333 0.012527777777777752 0.006807291666666692
0 0.6833981481481481 0.7715885416666667 0.011675925925925887 0.004885416666666665
0 0.6495092592592593 0.7461979166666667 0.013953703703703645 0.006005208333333378
0 0.6561296296296296 0.7608958333333333 0.011824074074074058 0.006567708333333399
0 0.6380462962962963 0.7643385416666666 0.013240740740740699 0.005765625000000085
0 0.5529537037037037 0.750921875 0.008259259259259327 0.002963541666666636
0 0.5370092592592592 0.7378281250000001 0.011111111111111112 0.004645833333333372
0 0.8468148148148147 0.378203125 0.004129629629629664 0.004406249999999989
0 0.8563518518518518 0.3280625 0.010398148148148165 0.006166666666666654
0 0.7812314814814815 0.29009375 0.006268518518518501 0.0032864583333332754
0 0.5139351851851851 0.27263020833333335 0.015092592592592604 0.005848958333333343
0 0.5714722222222223 0.25404687499999995 0.013953703703703645 0.006166666666666654
0 0.5324537037037036 0.23314062499999996 0.012814814814814687 0.0060052083333332895
0 0.37551851851851853 0.2560104166666667 0.01225000000000007 0.0057656249999999964
0 0.3394259259259259 0.24911979166666667 0.014379629629629577 0.0044843750000000075
0 0.2979074074074074 0.29678125 0.007407407407407381 0.007208333333333261
0 0.36989814814814814 0.32653645833333333 0.01125000000000003 0.008572916666666685
0 0.25462037037037033 0.37279687499999997 0.011388888888888874 0.0070468749999999854
0 0.3219814814814815 0.42222395833333326 0.013388888888888948 0.006567708333333222
0 0.337574074074074 0.3834895833333333 0.006694444444444435 0.002645833333333325
0 0.45612037037037034 0.5020052083333333 0.00825925925925917 0.00560937500000005
0 0.4327685185185185 0.48570312499999996 0.009398148148148128 0.0044062500000000785
0 0.04307407407407408 0.5050885416666666 0.008120370370370366 0.006005208333333378
0 0.12887962962962962 0.4583489583333333 0.0076944444444444334 0.0035260416666666574
0 0.028407407407407406 0.5185052083333332 0.011250000000000001 0.006567708333333222
0 0.006833333333333334 0.5346458333333333 0.011388888888888888 0.007609375000000007
0 0.08608333333333333 0.5765416666666667 0.015240740740740754 0.0066510416666666575
0 0.3329444444444444 0.6389791666666665 0.009111111111111115 0.004328124999999972
0 0.19402777777777777 0.6676979166666667 0.014101851851851895 0.005526041666666792
0 0.10623148148148148 0.6722239583333334 0.012527777777777792 0.005125000000000135
0 0.11406481481481481 0.6624895833333333 0.01224999999999999 0.006166666666666742
0 0.11292592592592592 0.6530364583333332 0.010537037037037046 0.0074479166666668204
0 0.19758333333333333 0.7309375 0.007833333333333314 0.004968749999999922
0 0.26237962962962963 0.7586510416666666 0.011537037037037044 0.004968749999999922
0 0.3041759259259259 0.7817239583333333 0.009111111111111115 0.004968749999999922
0 0.35266666666666663 0.76834375 0.013814814814814804 0.005447916666666686
0 0.34853703703703703 0.7799583333333333 0.013240740740740699 0.00625
0 0.3313055555555555 0.7313385416666667 0.006981481481481448 0.0035260416666666574
0 0.4768425925925926 0.7826041666666665 0.013240740740740699 0.005447916666666686
0 0.4877407407407407 0.7892499999999999 0.01225000000000007 0.008489583333333429
0 0.9519537037037035 0.58984375 0.007203703703703783 0.005869791666666657
0 0.9334444444444443 0.5851614583333333 0.00894444444444452 0.005031249999999865
0 0.13739814814814813 0.3060677083333333 0.011925925925925935 0.0061510416666666675
0 0.16987962962962963 0.29715624999999996 0.01453703703703704 0.007338541666666654
0 0.2026111111111111 0.2896822916666667 0.01465740740740742 0.005380208333333325
0 0.12807407407407406 0.3784166666666666 0.01173148148148151 0.005265624999999918
0 0.0380462962962963 0.434125 0.009722222222222222 0.007869791666666615