0 0.5041534391534392 0.2575892857142857 0.00954144620811282 0.01324652777777775
0 0.3512698412698412 0.5014360119047618 0.012539682539682554 0.016964285714285765
0 0.45279100529100524 0.557765376984127 0.008655202821869542 0.012383432539682637
0 0.19250440917107584 0.6183978174603174 0.009532627865961195 0.00836309523809522
0 0.16365961199294532 0.6878199404761904 0.0067724867724867875 0.01120039682539673
0 0.3784964726631393 0.7881076388888888 0.017050264550264652 0.004543650793650755
0 0.7116358024691357 0.7262400793650793 0.005502645502645562 0.007316468253968189
0 0.7429938271604938 0.6143129960317459 0.006494708994708907 0.007323908730158734
0 0.8027601410934744 0.5645114087301588 0.005621693121693107 0.006532738095238066
0 0.7707671957671957 0.36681795634920633 0.009246031746031728 0.00760416666666659
0 0.5485493827160494 0.272358630952381 0.00593474426807761 0.009412202380952372
0 0.6636287477954144 0.2823164682539682 0.01141534391534391 0.0077480158730158346
0 0.144484126984127 0.5201364087301588 0.009343033509700208 0.010434027777777643
0 0.14835537918871253 0.34173115079365074 0.024096119929453232 0.006180555555555589
0 0.08243386243386244 0.5971626984126984 0.011358024691358024 0.008635912698412618
0 0.27592151675485005 0.2559250992063492 0.008342151675485038 0.008886408730158734
0 0.2897486772486772 0.26578373015873014 0.013112874779541449 0.006076388888888928
0 0.21823633156966488 0.27262400793650793 0.00738977072310405 0.007690972222222303