0 0.9653518518518518 0.61446875 0.005009259259259125 0.0036458333333333924
0 0.9140833333333334 0.6205416666666667 0.007759259259259466 0.006739583333333421
0 0.971148148148148 0.663109375 0.004814814814814541 0.003036458333333236
0 0.8978796296296296 0.6497656249999999 0.004416666666666755 0.0022083333333332788
0 0.8790277777777777 0.725421875 0.012083333333333397 0.004807291666666736
0 0.7523796296296297 0.7674895833333333 0.012370370370370172 0.004531249999999964
0 0.7319074074074075 0.7799479166666666 0.012472222222222247 0.005026041666666714
0 0.6551111111111111 0.7214791666666667 0.004935185185185118 0.0037135416666666645
0 0.5877407407407407 0.7610208333333334 0.005305555555555625 0.0035572916666666288
0 0.6236111111111111 0.789859375 0.015629629629629785 0.005130208333333286
0 0.4807314814814815 0.7922395833333333 0.013861111111111137 0.00696354166666655
0 0.43527777777777776 0.7792864583333333 0.011907407407407472 0.004291666666666494
0 0.48394444444444434 0.6794739583333332 0.013212962962962945 0.005651041666666678
0 0.3267407407407407 0.7592916666666666 0.004935185185185197 0.003244791666666735
0 0.2081944444444444 0.6514739583333332 0.006416666666666673 0.005130208333333286
0 0.15078703703703702 0.6107291666666665 0.011999999999999981 0.005286458333333322
0 0.14469444444444446 0.6180833333333333 0.005768518518518522 0.0021979166666666215
0 0.12975925925925924 0.5865208333333333 0.007537037037037011 0.004395833333333421
0 0.15223148148148147 0.5448072916666666 0.011537037037037005 0.006802083333333364
0 0.11817592592592592 0.5792187499999999 0.008564814814814801 0.006750000000000078
0 0.11514814814814815 0.5961770833333333 0.00753703703703705 0.00717187500000005
0 0.14189814814814813 0.5139531249999999 0.010981481481481481 0.006750000000000078
0 0.12989814814814812 0.4504635416666666 0.011907407407407433 0.0064375000000000075
0 0.16218518518518518 0.437875 0.009490740740740754 0.006906249999999936
0 0.17655555555555555 0.42146875 0.013305555555555553 0.004760416666666778
0 0.20400925925925925 0.4181145833333333 0.006416666666666673 0.005916666666666614
0 0.2309444444444444 0.3796458333333333 0.007444444444444464 0.008635416666666628
0 0.28988888888888886 0.3304739583333333 0.007722222222222226 0.004187500000000011
0 0.31789814814814815 0.3098802083333333 0.013490740740740787 0.0030885416666667
0 0.4706388888888889 0.29292187499999994 0.01376851851851847 0.005390624999999982
0 0.4431944444444444 0.31851562499999997 0.01209259259259249 0.004760416666666689
0 0.45225925925925925 0.3529010416666667 0.011074074074074108 0.007588541666666604
0 0.5208611111111111 0.4274427083333333 0.009657407407407467 0.0031822916666666146
0 0.50625 0.4486822916666666 0.005416666666666635 0.002718750000000014
0 0.6335185185185185 0.41643749999999996 0.011546296296296374 0.006729166666666763
0 0.5930648148148148 0.4793697916666666 0.013972222222222146 0.005130208333333286
0 0.5204259259259258 0.5014218749999999 0.007277777777777632 0.003296875000000021
0 0.8879351851851851 0.44435416666666666 0.004759259259259352 0.0034947916666666855
0 0.8679351851851851 0.432015625 0.012175925925925904 0.006484374999999964
0 0.9468425925925926 0.41915625 0.008712962962962933 0.007531250000000078
0 0.957324074074074 0.38677083333333334 0.012259259259259163 0.004989583333333325
0 0.8926388888888888 0.35228125 0.011425925925925956 0.0054322916666667
0 0.7980277777777777 0.3305416666666666 0.009842592592592798 0.0033437500000000676
0 0.7780555555555555 0.305984375 0.013009259259259111 0.00522395833333329
0 0.6913055555555556 0.2897864583333333 0.0076759259259258925 0.006838541666666753
0 0.4884537037037036 0.26271354166666666 0.012768518518518433 0.004947916666666696
0 0.6655370370370369 0.6195572916666666 0.00829629629629633 0.006406250000000035
0 0.6186018518518518 0.5875208333333333 0.006972222222222197 0.002734375
0 0.4446481481481481 0.6529479166666666 0.006314814814814914 0.0022760416666665504
0 0.7143148148148147 0.285921875 0.007685185185185143 0.0024218750000000178