0 0.3491296296296296 0.309765625 0.016277777777777815 0.005947916666666675
0 0.20526851851851852 0.31273958333333335 0.009722222222222222 0.0052343749999999465
0 0.1217685185185185 0.37760416666666663 0.009305555555555579 0.005828125000000029
0 0.33950925925925923 0.37826041666666665 0.005074074074074117 0.004520833333333396
0 0.17602777777777778 0.27284375 0.005212962962962959 0.004088541666666589
0 0.3164629629629629 0.2627708333333333 0.006509259259259261 0.006411458333333275
0 0.38787037037037037 0.24860937499999997 0.013027777777777772 0.005187499999999989
0 0.37973148148148145 0.23295312499999996 0.008462962962963004 0.0036614583333332896
0 0.5776296296296296 0.2797135416666666 0.014870370370370267 0.005369791666666668
0 0.6184351851851851 0.2772708333333333 0.01009259259259273 0.006104166666666711
0 0.655824074074074 0.3125885416666666 0.006731481481481517 0.003968749999999943
0 0.6529999999999999 0.39576041666666667 0.009768518518518477 0.007083333333333286
0 0.5913611111111111 0.4988697916666666 0.008898148148148108 0.0036614583333333785
0 0.6488796296296295 0.5836302083333333 0.010638888888888845 0.007385416666666522
0 0.44675 0.20202083333333332 0.011074074074074108 0.004041666666666654
0 0.8870277777777777 0.3522239583333333 0.013370370370370525 0.0059062499999999575
0 0.8721388888888888 0.42057291666666663 0.01006481481481482 0.007197916666666693
0 0.9444166666666667 0.43384375 0.007944444444444483 0.004427083333333392
0 0.9386851851851851 0.44385416666666666 0.012666666666666831 0.005734374999999936
0 0.9094629629629629 0.6030260416666666 0.008425925925925842 0.006630208333333343
0 0.8957685185185185 0.5979166666666667 0.00921296296296311 0.007369791666666714
0 0.8777314814814815 0.631875 0.0065833333333333455 0.004109374999999993
0 0.7776944444444444 0.6880729166666666 0.00954629629629614 0.006812500000000022
0 0.6832222222222222 0.6950000000000001 0.010990740740740692 0.005557291666666764
0 0.6928333333333333 0.7424947916666665 0.00520370370370355 0.002848958333333229
0 0.5934537037037036 0.7584375 0.008953703703703771 0.005630208333333364
0 0.5177407407407407 0.7618802083333333 0.012111111111110991 0.005109374999999972
0 0.4067407407407407 0.77515625 0.011324074074074039 0.005296874999999979
0 0.26723148148148146 0.740921875 0.01276851851851851 0.006145833333333428
0 0.24468518518518517 0.7456770833333334 0.013361111111111039 0.00603645833333335
0 0.11071296296296294 0.6804322916666667 0.013166666666666653 0.005520833333333286
0 0.10040740740740739 0.6821510416666666 0.008481481481481465 0.006166666666666742
0 0.10730555555555554 0.664 0.012731481481481469 0.00845312499999995
0 0.06991666666666667 0.6308125 0.009370370370370374 0.008005208333333336
0 0.09581481481481481 0.6185572916666666 0.008129629629629617 0.00546875
0 0.011185185185185185 0.6018749999999999 0.011222222222222225 0.006015625000000036
0 0.14376851851851852 0.5892968749999999 0.0076944444444444334 0.006812500000000022
0 0.013657407407407406 0.4425 0.008046296296296293 0.007161458333333393
0 0.004509259259259259 0.39273437499999997 0.009018518518518518 0.0074583333333333
0 0.3288611111111111 0.5484010416666667 0.01045370370370367 0.008411458333333321
0 0.2273888888888889 0.5983854166666667 0.013037037037037022 0.008088541666666772
0 0.30580555555555555 0.6171770833333333 0.011888888888888892 0.004260416666666522
0 0.6933055555555555 0.6250312499999999 0.00955555555555555 0.008994791666666658
0 0.4055185185185185 0.46232291666666664 0.007824074074074063 0.003614583333333421