0 0.8777314814814815 0.74046875 0.010388888888888914 0.007546874999999886
0 0.7926851851851852 0.776375 0.01774074074074071 0.007302083333333265
0 0.7571944444444444 0.8046145833333332 0.01341666666666678 0.005354166666666771
0 0.6407685185185185 0.8074166666666667 0.014287037037037148 0.006572916666666729
0 0.5827777777777777 0.7790520833333333 0.016018518518518477 0.0077916666666666854
0 0.8407314814814814 0.7136875 0.012555555555555506 0.007546874999999886
0 0.9041388888888889 0.5822187499999999 0.01644444444444433 0.006572916666666551
0 0.4358333333333333 0.7521510416666667 0.006055555555555574 0.004625000000000057
0 0.5027314814814815 0.7193541666666666 0.004037037037036997 0.0035312500000001636
0 0.3178796296296296 0.717 0.007629629629629638 0.0072343749999999925
0 0.34337962962962965 0.7645729166666666 0.008972222222222272 0.005130208333333286
0 0.2505833333333333 0.7749218749999999 0.011518518518518542 0.005130208333333286
0 0.26201851851851854 0.801921875 0.007777777777777731 0.003114583333333343
0 0.1723611111111111 0.7458958333333332 0.008824074074074062 0.003619791666666572
0 0.169 0.7403020833333334 0.011962962962962977 0.003026041666666579
0 0.2648611111111111 0.7039166666666666 0.003888888888888905 0.003619791666666572
0 0.14903703703703705 0.681875 0.009722222222222222 0.005973958333333229
0 0.33552777777777776 0.626734375 0.007027777777777781 0.003703125000000007
0 0.11994444444444442 0.6044375 0.00957407407407405 0.00891666666666655
0 0.16937037037037037 0.585046875 0.00612962962962962 0.00411979166666665
0 0.10319444444444444 0.567046875 0.011962962962962937 0.005130208333333286
0 0.13280555555555557 0.535625 0.010768518518518514 0.0057187499999999504
0 0.22373148148148145 0.5452552083333334 0.014361111111111076 0.004625000000000057
0 0.15837962962962962 0.47635937500000003 0.0038888888888888654 0.00546875
0 0.12053703703703703 0.45296875 0.004046296296296287 0.002682291666666714
0 0.11696296296296295 0.45216666666666666 0.004999999999999992 0.00294791666666665
0 0.17312037037037037 0.43552083333333336 0.005287037037037005 0.0019635416666666573
0 0.31601851851851853 0.478140625 0.008518518518518587 0.0067708333333333925
0 0.350824074074074 0.43861979166666665 0.008518518518518587 0.005833333333333357
0 0.3901666666666666 0.4497083333333333 0.009074074074074031 0.007604166666666678
0 0.2696388888888889 0.3744739583333333 0.008703703703703682 0.005416666666666714
0 0.3461018518518518 0.34932291666666665 0.00944444444444446 0.0046875
0 0.3742407407407407 0.325578125 0.008703703703703682 0.006770833333333304
0 0.41571296296296295 0.30579687499999997 0.010185185185185238 0.0071874999999999465
0 0.4480185185185185 0.27164062499999997 0.006666666666666762 0.0032291666666666606
0 0.5969537037037037 0.3577083333333333 0.014259259259259397 0.004791666666666661
0 0.6877592592592592 0.33458854166666663 0.009259259259259207 0.004375000000000018
0 0.8151296296296296 0.379625 0.010000000000000063 0.006562499999999982
0 0.6564722222222221 0.4969374999999999 0.006666666666666762 0.00625
0 0.33638888888888885 0.5449166666666667 0.00916666666666662 0.006739583333333421