0 0.9278240740740741 0.6130416666666666 0.009925925925926057 0.007750000000000057
0 0.912 0.5841354166666666 0.012787037037037092 0.005234375000000036
0 0.9085277777777777 0.5559010416666667 0.010546296296296494 0.005166666666666764
0 0.9564351851851852 0.5379947916666666 0.009055555555555846 0.006354166666666572
0 0.9513425925925927 0.5326197916666666 0.00980555555555548 0.0038385416666667283
0 0.928324074074074 0.5370156249999999 0.00893518518518527 0.004536458333333293
0 0.9412314814814814 0.5444166666666665 0.0069537037037036955 0.0073281250000000854
0 0.8521203703703704 0.5667552083333334 0.0069537037037036955 0.006494791666666622
0 0.8189814814814814 0.5673854166666666 0.012166666666666654 0.006630208333333343
0 0.8236388888888888 0.58340625 0.008814814814814692 0.007119791666666764
0 0.792611111111111 0.599390625 0.011546296296296216 0.004187499999999922
0 0.7825555555555554 0.5897916666666667 0.009305555555555619 0.0073281250000000854
0 0.8838888888888888 0.6224635416666666 0.007444444444444306 0.006213541666666522
0 0.7537037037037037 0.5866145833333333 0.008685185185185181 0.006562499999999893
0 0.8597962962962963 0.6592499999999999 0.005416666666666477 0.005312499999999965
0 0.8457407407407407 0.651765625 0.008175925925925753 0.004989583333333237
0 0.8240833333333332 0.6683229166666667 0.008638888888888927 0.006609375000000028
0 0.8038148148148149 0.6644687499999999 0.006101851851851671 0.0030468749999998934
0 0.7789907407407406 0.6601822916666666 0.010379629629629664 0.004598958333333236
0 0.7794074074074073 0.6776249999999999 0.006981481481481448 0.00475520833333345
0 0.7509166666666667 0.6945781249999999 0.0117592592592593 0.004135416666666636
0 0.789148148148148 0.7121041666666666 0.007722222222222146 0.003619791666666572
0 0.7638796296296296 0.7126197916666667 0.009370370370370374 0.0038229166666667426
0 0.7454537037037038 0.7154114583333333 0.010564814814814995 0.0050677083333333425
0 0.6758425925925925 0.6678854166666666 0.01011111111111123 0.0036718750000000354
0 0.7584074074074073 0.6373333333333333 0.012407407407407492 0.0039791666666666005
0 0.7224351851851851 0.64253125 0.005509259259259301 0.004859375000000022
0 0.7451296296296296 0.6188072916666666 0.008638888888888927 0.00454687499999995
0 0.7248703703703703 0.6134791666666667 0.012953703703703606 0.004239583333333208
0 0.7098240740740741 0.5916354166666666 0.0150740740740741 0.005656250000000007
0 0.6341944444444444 0.6203802083333334 0.009509259259259295 0.00408333333333335
0 0.6623888888888888 0.6316302083333334 0.008231481481481574 0.0031979166666666003
0 0.6418425925925926 0.6540208333333333 0.005194444444444299 0.0024270833333332577
0 0.6335277777777778 0.655078125 0.008888888888888858 0.0030208333333334282
0 0.6414907407407406 0.6594791666666666 0.005657407407407315 0.004093750000000007
0 0.6397962962962963 0.6903385416666666 0.0052222222222223676 0.004348958333333286
0 0.6326944444444444 0.7293697916666667 0.009814814814814731 0.0044062500000000785
0 0.6351481481481481 0.744234375 0.009916666666666648 0.0059322916666666005
0 0.6534166666666668 0.7382708333333333 0.006574074074073937 0.003171875000000135
0 0.552962962962963 0.7523385416666667 0.011796296296296305 0.006869791666666636
0 0.5933796296296296 0.77421875 0.011796296296296305 0.0062239583333331796
0 0.5481111111111111 0.7718072916666665 0.006888888888888939 0.004463541666666693
0 0.5446666666666666 0.7621770833333333 0.007935185185185073 0.0032916666666666927
0 0.46662037037037035 0.774328125 0.009490740740740793 0.006140624999999922
0 0.5014166666666666 0.73121875 0.005611111111111061 0.0038437500000000568
0 0.4377592592592592 0.7676979166666666 0.01313888888888894 0.004791666666666572
0 0.4219074074074074 0.7667552083333333 0.009148148148148197 0.006880208333333293
0 0.40723148148148147 0.7647187499999999 0.009509259259259295 0.0048437500000000355
0 0.44673148148148145 0.7290937499999999 0.009879629629629644 0.0042291666666665504
0 0.45271296296296293 0.7244531249999999 0.006611111111111099 0.0031093749999998367
0 0.5369814814814815 0.7207864583333333 0.008425925925925842 0.0032083333333332575
0 0.41085185185185186 0.7230000000000001 0.010240740740740743 0.004281249999999836
0 0.33509259259259255 0.7410677083333332 0.0056851851851851464 0.003468749999999865
0 0.3269722222222222 0.72403125 0.008277777777777828 0.005937500000000107
0 0.29915740740740737 0.7105364583333333 0.008203703703703743 0.005250000000000021
0 0.26452777777777775 0.7073645833333334 0.009740740740740723 0.004567708333333265
0 0.27041666666666664 0.6849166666666666 0.008527777777777837 0.0036979166666666783
0 0.2342037037037037 0.6760781249999999 0.007555555555555552 0.004291666666666494
0 0.1990462962962963 0.6314583333333333 0.009499999999999965 0.006942708333333237
0 0.2186944444444444 0.6299947916666666 0.00738888888888888 0.004385416666666764
0 0.3981759259259258 0.6664427083333333 0.008120370370370406 0.005296874999999979
0 0.39862037037037035 0.6413697916666667 0.010314814814814749 0.005026041666666714
0 0.3943148148148148 0.6270729166666666 0.007222222222222127 0.003468749999999865
0 0.17930555555555555 0.6329479166666666 0.005749999999999981 0.004583333333333428
0 0.13693518518518516 0.612890625 0.006833333333333316 0.0035729166666667923
0 0.12932407407407404 0.5967083333333333 0.0069537037037036955 0.005192708333333229
0 0.1151851851851852 0.5791822916666666 0.007435185185185173 0.0024947916666667068
0 0.08959259259259258 0.5637395833333334 0.006592592592592597 0.00330208333333335
0 0.09217592592592591 0.558921875 0.00599074074074074 0.0032343750000000783
0 0.11314814814814815 0.5300989583333333 0.007194444444444454 0.003979166666666778
0 0.15294444444444444 0.5292864583333333 0.0038333333333333205 0.005864583333333328
0 0.08779629629629629 0.5150625 0.008027777777777769 0.004114583333333322
0 0.06730555555555555 0.5175208333333333 0.007074074074074055 0.005395833333333222
0 0.05507407407407407 0.48832812499999995 0.006592592592592597 0.004718749999999971
0 0.1132685185185185 0.47201562499999994 0.0069537037037036955 0.004447916666666707
0 0.06741666666666667 0.46355208333333325 0.011870370370370371 0.005057291666666686
0 0.13525925925925927 0.4437291666666667 0.010185185185185198 0.0049218749999999645
0 0.06867592592592592 0.45364062499999996 0.00982407407407406 0.00532812499999995
0 0.05189814814814814 0.44413541666666667 0.0055092592592592615 0.0038437500000000568
0 0.07125925925925924 0.4344270833333333 0.005398148148148153 0.00532812499999995
0 0.059509259259259255 0.43213541666666666 0.00802777777777778 0.005864583333333328
0 0.17708333333333334 0.40988020833333333 0.00968518518518516 0.0066041666666667
0 0.14808333333333334 0.409359375 0.00587037037037036 0.004567708333333265
0 0.08181481481481481 0.4112291666666666 0.006749999999999999 0.005776041666666565
0 0.11561111111111108 0.39365104166666665 0.007046296296296282 0.005609374999999961
0 0.1025 0.38564583333333335 0.004694444444444438 0.005666666666666753
0 0.17684259259259258 0.393625 0.009388888888888856 0.004458333333333275
0 0.1005 0.37381770833333333 0.0045925925925926 0.006218750000000028
0 0.11224074074074074 0.3690885416666666 0.007138888888888909 0.006218750000000028
0 0.1333148148148148 0.3544270833333333 0.011537037037037005 0.004182291666666682
0 0.16064814814814812 0.37406770833333336 0.010268518518518495 0.004072916666666604
0 0.18862962962962962 0.3526614583333333 0.0075277777777778 0.004843749999999947
0 0.18691666666666665 0.3699375 0.0052777777777777935 0.003083333333333371
0 0.18700925925925924 0.373046875 0.008611111111111095 0.005557291666666675
0 0.21958333333333332 0.36066666666666664 0.009194444444444451 0.003354166666666725
0 0.24050925925925926 0.35714583333333333 0.006453703703703755 0.00401562499999999
0 0.27914814814814815 0.347078125 0.009777777777777727 0.004677083333333343
0 0.2523518518518518 0.327796875 0.010953703703703768 0.003963541666666614
0 0.21600925925925923 0.3226510416666667 0.00968518518518514 0.0036874999999999326
0 0.20721296296296296 0.3146197916666667 0.006361111111111089 0.003463541666666714
0 0.27929629629629626 0.31140104166666666 0.008898148148148186 0.004182291666666682
0 0.2980740740740741 0.28711458333333334 0.011240740740740702 0.004437499999999961
0 0.30136111111111114 0.2714427083333333 0.005379629629629553 0.0032291666666666606
0 0.31827777777777777 0.2734583333333333 0.0062129629629629965 0.006187500000000057
0 0.31146296296296294 0.26744270833333333 0.005981481481481489 0.003968749999999943
0 0.3219259259259259 0.263 0.009685185185185219 0.004239583333333297
0 0.3375925925925926 0.27133854166666665 0.007055555555555534 0.005718750000000039
0 0.35044444444444445 0.253515625 0.006509259259259261 0.0058385416666666854
0 0.38043518518518515 0.24755729166666668 0.008444444444444501 0.003114583333333343
0 0.4078333333333333 0.24676562500000002 0.010046296296296317 0.004390625000000004
0 0.4187685185185185 0.24460937499999996 0.007472222222222216 0.005958333333333332
0 0.4318055555555555 0.25093229166666664 0.007472222222222216 0.004468750000000021
0 0.41414814814814804 0.26021354166666666 0.010185185185185238 0.003932291666666643
0 0.401787037037037 0.2808020833333333 0.00584259259259249 0.004239583333333385
0 0.44062962962962965 0.28628124999999993 0.00637962962962967 0.0028281250000000034
0 0.44019444444444444 0.29105729166666666 0.010388888888888914 0.004432291666666632
0 0.44219444444444445 0.2954114583333333 0.005157407407407453 0.0033593750000000533
0 0.4807685185185185 0.2658645833333333 0.008148148148148158 0.003859374999999954
0 0.46429629629629626 0.2652552083333333 0.0065833333333333455 0.003703125000000007
0 0.4936296296296296 0.24208854166666666 0.008898148148148108 0.003973958333333361
0 0.5041203703703704 0.24965104166666663 0.009777777777777727 0.0033593750000000533
0 0.5181111111111111 0.255171875 0.007601851851851886 0.004239583333333297
0 0.580212962962963 0.25345312499999995 0.00984259259259264 0.004239583333333297
0 0.5601759259259259 0.26447395833333337 0.005638888888888813 0.0044322916666667215
0 0.5803425925925926 0.26880729166666667 0.005638888888888813 0.0052343749999999465
0 0.6108055555555555 0.2692083333333333 0.00665740740740751 0.0024427083333333323
0 0.6190833333333333 0.2670885416666666 0.007194444444444375 0.004317708333333314
0 0.6524907407407408 0.28355208333333326 0.006111111111111079 0.003322916666666753
0 0.6318148148148148 0.28171874999999996 0.007805555555555562 0.0037031249999999183
0 0.6094444444444445 0.290671875 0.010185185185185238 0.005807291666666714
0 0.5824814814814815 0.2971302083333333 0.011138888888888863 0.004812499999999975
0 0.5365185185185185 0.28626041666666663 0.007194444444444375 0.004776041666666675
0 0.5260925925925926 0.2952552083333333 0.007268518518518382 0.006875000000000053
0 0.493462962962963 0.2981979166666666 0.006925925925925943 0.004963541666666682
0 0.5381759259259259 0.3109375 0.008490740740740755 0.0061510416666666675
0 0.44060185185185186 0.317359375 0.009861111111111143 0.00422916666666664
0 0.4320648148148148 0.33395833333333336 0.010018518518518565 0.004312499999999986
0 0.6229444444444444 0.3024739583333333 0.005666666666666566 0.0032447916666666467
0 0.6777962962962962 0.2986770833333333 0.007824074074074063 0.0037968750000000107
0 0.6843055555555555 0.3054166666666666 0.01046296296296292 0.004067708333333276
0 0.6267222222222222 0.3051197916666667 0.008370370370370337 0.003354166666666725
0 0.6500740740740741 0.34664583333333326 0.009879629629629644 0.004927083333333382
0 0.7367777777777778 0.3552083333333333 0.004490740740740762 0.004234375000000057
0 0.7610925925925927 0.351796875 0.009101851851851785 0.004864583333333261
0 0.7960185185185185 0.3654427083333333 0.00932407407407412 0.004104166666666753
0 0.815 0.38594270833333333 0.01044444444444442 0.004421874999999975
0 0.6604629629629629 0.39065104166666664 0.005500000000000051 0.004484374999999918
0 0.6847222222222222 0.40881249999999997 0.00864814814814802 0.004421875000000064
0 0.6063796296296295 0.40934895833333335 0.006518518518518432 0.006505208333333279
0 0.5366296296296296 0.3980104166666666 0.008981481481481524 0.005307291666666681
0 0.7537870370370371 0.4053072916666666 0.011120370370370362 0.004609374999999893
0 0.754074074074074 0.40969791666666666 0.007185185185185282 0.004171874999999936
0 0.8521759259259258 0.41670833333333335 0.007527777777777879 0.0068229166666666785
0 0.8576296296296296 0.43335937499999994 0.01033333333333341 0.004739583333333286
0 0.9066481481481481 0.4439739583333333 0.008648148148148177 0.0044843750000000075
0 0.9082777777777779 0.45145833333333324 0.008314814814814832 0.004802083333333406
0 0.8753148148148149 0.4532604166666666 0.007972222222222235 0.0061302083333332645
0 0.907324074074074 0.462484375 0.011120370370370362 0.006505208333333279
0 0.9091203703703703 0.4737291666666666 0.006851851851851936 0.004104166666666664
0 0.9135555555555556 0.48178124999999994 0.008981481481481524 0.006572916666666551
0 0.8516759259259258 0.4871510416666666 0.010111111111111072 0.004927083333333293
0 0.8873333333333333 0.49669270833333334 0.007296296296296292 0.0068229166666666785
0 0.9393333333333332 0.5141614583333334 0.01201851851851864 0.005119791666666628
0 0.9374814814814815 0.5160885416666666 0.008759259259259187 0.0031562499999999716
0 0.9424814814814814 0.5191822916666666 0.01044444444444442 0.0053072916666666355
0 0.8520648148148149 0.522625 0.00932407407407412 0.005119791666666628
0 0.818712962962963 0.503421875 0.008870370370370197 0.0060000000000000496
0 0.8009629629629629 0.48667708333333326 0.01044444444444442 0.0061302083333332645
0 0.8067499999999999 0.5362395833333332 0.00921296296296311 0.007078124999999958
0 0.5426203703703703 0.7026875 0.008444444444444343 0.0065572916666667425
0 0.5360740740740741 0.6928489583333333 0.008222222222222323 0.006619791666666685
0 0.5332407407407407 0.6472187500000001 0.010546296296296337 0.005432291666666522
0 0.4702685185185185 0.6121718749999999 0.00699999999999995 0.002937499999999993
0 0.44223148148148145 0.6163854166666667 0.006666666666666762 0.004625000000000057
0 0.49714814814814806 0.5857447916666667 0.005888888888888744 0.004062500000000036
0 0.5693333333333332 0.5785364583333333 0.01010185185185198 0.0038125000000000854
0 0.5812037037037038 0.58328125 0.009157407407407447 0.004057291666666707
0 0.586287037037037 0.550921875 0.008222222222222323 0.005802083333333208
0 0.6867777777777778 0.528359375 0.00635185185185176 0.005317708333333293
0 0.6834999999999999 0.5159010416666666 0.007722222222222146 0.005317708333333293
0 0.7823055555555556 0.45595833333333335 0.008861111111110946 0.005395833333333222
0 0.681962962962963 0.44721874999999994 0.010925925925925936 0.005395833333333222
0 0.668 0.46015625 0.0106851851851851 0.004645833333333372
0 0.6123333333333333 0.48522395833333326 0.008620370370370268 0.005874999999999986
0 0.49200925925925926 0.49382812499999995 0.008138888888888907 0.00532812499999995
0 0.41303703703703704 0.5054010416666667 0.009231481481481453 0.005395833333333222
0 0.39415740740740735 0.48703124999999997 0.00498148148148153 0.004578124999999922
0 0.5014814814814815 0.45753125 0.009833333333333232 0.004984374999999907
0 0.47392592592592586 0.450015625 0.009101851851851942 0.0028020833333334493
0 0.3858981481481481 0.5385729166666666 0.006083333333333327 0.005760416666666579
0 0.3491666666666667 0.5650885416666667 0.013287037037037031 0.003510416666666494
0 0.2700185185185185 0.4515572916666667 0.006722222222222188 0.005671874999999993
0 0.36525 0.40149999999999997 0.007046296296296361 0.004411458333333363
0 0.3093888888888889 0.3568854166666667 0.004870370370370362 0.0035104166666666712
0 0.358574074074074 0.37354166666666666 0.010259259259259284 0.0039427083333333
0 0.4175833333333333 0.36796875 0.005555555555555556 0.004520833333333396
0 0.4418055555555555 0.36770312499999996 0.006833333333333276 0.005333333333333368
0 0.5168148148148147 0.3778489583333333 0.005046296296296286 0.004963541666666682