0 0.4097685185185185 0.22700520833333332 0.01274074074074068 0.005984374999999975
0 0.3248888888888889 0.267625 0.011268518518518454 0.006645833333333328
0 0.3515462962962963 0.316796875 0.01071296296296301 0.008895833333333325
0 0.19458333333333333 0.27763541666666663 0.013175925925925943 0.0066770833333333005
0 0.10528703703703703 0.3247395833333333 0.011796296296296305 0.007468749999999957
0 0.20205555555555554 0.3403854166666666 0.011027777777777775 0.005119791666666628
0 0.046972222222222214 0.349734375 0.013814814814814818 0.007932291666666647
0 0.09262962962962962 0.38303645833333333 0.011870370370370361 0.005395833333333311
0 0.04014814814814815 0.39215625000000004 0.009805555555555559 0.006135416666666682
0 0.022898148148148147 0.4236770833333333 0.01181481481481481 0.006234375000000014
0 0.03448148148148148 0.4418645833333333 0.013564814814814814 0.009505208333333393
0 0.02586111111111111 0.44467187499999994 0.010453703703703706 0.005583333333333407
0 0.06444444444444443 0.4994270833333333 0.014694444444444442 0.006666666666666643
0 0.05577777777777778 0.5775364583333332 0.014324074074074072 0.009614583333333293
0 0.12023148148148148 0.6090312499999999 0.015231481481481485 0.006515625000000113
0 0.08888888888888889 0.6720520833333332 0.011148148148148145 0.0090572916666666
0 0.14788888888888888 0.7087395833333333 0.012935185185185223 0.007630208333333321
0 0.2403981481481481 0.7426875 0.014120370370370396 0.0063229166666666
0 0.2685462962962962 0.7424687499999999 0.0128611111111111 0.005625000000000035
0 0.306 0.7683854166666666 0.012592592592592588 0.0047499999999999435
0 0.32533333333333336 0.75471875 0.008694444444444432 0.006203124999999865
0 0.38243518518518516 0.7737760416666667 0.013240740740740699 0.0063072916666667925
0 0.43746296296296294 0.7765572916666666 0.010666666666666597 0.005869791666666657
0 0.4778703703703704 0.7730052083333334 0.013240740740740699 0.007760416666666714
0 0.4603333333333333 0.7481614583333334 0.014324074074074152 0.006760416666666736
0 0.5922777777777777 0.7366041666666666 0.015611111111110966 0.008979166666666493
0 0.6728703703703705 0.7541302083333333 0.012490740740740748 0.006687500000000135
0 0.7152777777777778 0.7468541666666667 0.013240740740740699 0.006812500000000022
0 0.7336018518518518 0.7357968749999999 0.01610185185185205 0.00670833333333345
0 0.7298981481481481 0.7111510416666667 0.015805555555555392 0.008421874999999978
0 0.6230555555555555 0.699203125 0.014916666666666521 0.00886979166666677
0 0.7572685185185185 0.69059375 0.013037037037036864 0.006989583333333371
0 0.8938055555555555 0.608953125 0.014027777777777967 0.008760416666666692
0 0.9398703703703702 0.4901197916666666 0.01287037037037035 0.007484374999999943
0 0.9070648148148147 0.467984375 0.010851851851851772 0.006645833333333328
0 0.8811388888888888 0.42259375 0.014259259259259239 0.006140624999999922
0 0.7355555555555554 0.30361458333333335 0.014092592592592722 0.006635416666666671
0 0.7537685185185186 0.281890625 0.008611111111111173 0.005078125
0 0.75425 0.277578125 0.008546296296296418 0.0058229166666667
0 0.616361111111111 0.280921875 0.016472222222222242 0.007687500000000025
0 0.6074444444444443 0.2368489583333333 0.019222222222222266 0.007567708333333289
0 0.32547222222222216 0.5056093749999999 0.015472222222222283 0.006276041666666643
0 0.2833703703703704 0.7351145833333333 0.008787037037037019 0.0061770833333334
0 0.31885185185185183 0.6309114583333333 0.011722222222222219 0.006286458333333478
0 0.4617777777777778 0.6676562500000001 0.015537037037036959 0.009270833333333428
0 0.5711851851851851 0.49806249999999996 0.013037037037037022 0.009416666666666629
0 0.41364814814814815 0.47690625 0.013268518518518608 0.006609375000000028
0 0.2197407407407407 0.3706302083333333 0.008148148148148158 0.003958333333333286