0 0.14198148148148146 0.30662500000000004 0.010111111111111112 0.008020833333333411
0 0.21949074074074074 0.316296875 0.00879629629629627 0.007338541666666654
0 0.13505555555555557 0.343375 0.010620370370370382 0.006088541666666725
0 0.11796296296296296 0.36006770833333335 0.01364814814814817 0.004437499999999961
0 0.13485185185185183 0.3706458333333333 0.007583333333333345 0.007510416666666675
0 0.09672222222222221 0.37229687499999997 0.009203703703703702 0.00830729166666666
0 0.0843425925925926 0.3828229166666667 0.0052592592592592725 0.007052083333333315
0 0.26287037037037037 0.37223958333333335 0.008592592592592594 0.01115104166666674
0 0.43275925925925923 0.39869270833333326 0.014259259259259239 0.004666666666666641
0 0.4701759259259259 0.45841666666666664 0.008194444444444412 0.006484374999999964
0 0.16469444444444445 0.4311354166666666 0.011925925925925935 0.006640625
0 0.10158333333333332 0.43775520833333326 0.008101851851851865 0.007885416666666778
0 0.1112037037037037 0.4995572916666666 0.005370370370370381 0.0033854166666666074
0 0.07800925925925925 0.5185833333333333 0.007314814814814814 0.0068489583333333215
0 0.0740648148148148 0.5831927083333334 0.004694444444444438 0.004281249999999836
0 0.11776851851851851 0.59259375 0.007935185185185193 0.009427083333333286
0 0.15787962962962962 0.628734375 0.014648148148148129 0.006729166666666763
0 0.10914814814814813 0.6315885416666667 0.010879629629629644 0.006161458333333236
0 0.2992592592592592 0.6500781250000001 0.011564814814814797 0.008140625000000058
0 0.2089074074074074 0.6054947916666666 0.006296296296296333 0.0046875
0 0.10907407407407407 0.6697656249999999 0.0076944444444444334 0.006328125000000106
0 0.12487962962962962 0.6738802083333333 0.010175925925925948 0.006114583333333279
0 0.11778703703703702 0.6797291666666666 0.011129629629629652 0.006510416666666607
0 0.10399074074074074 0.680015625 0.006805555555555564 0.005937500000000107
0 0.1223888888888889 0.6970260416666666 0.00764814814814814 0.007432291666666657
0 0.15253703703703703 0.7053645833333333 0.010398148148148165 0.004187499999999922
0 0.14780555555555555 0.7132083333333332 0.004824074074074068 0.0022239583333332645
0 0.18438888888888888 0.717265625 0.010259259259259244 0.006640625
0 0.1958888888888889 0.7200572916666667 0.006305555555555584 0.00724479166666665
0 0.3413055555555556 0.7464322916666667 0.012592592592592588 0.004781249999999915
0 0.21734259259259256 0.7480520833333333 0.0037962962962963176 0.002562499999999979
0 0.23691666666666664 0.7599166666666666 0.008342592592592584 0.006828125000000007
0 0.20096296296296295 0.7568854166666666 0.012592592592592588 0.0043541666666667925
0 0.22749074074074072 0.7719635416666667 0.00612962962962966 0.0025937499999999503
0 0.25025925925925924 0.7678489583333332 0.008398148148148168 0.002531250000000007
0 0.28259259259259256 0.7706041666666665 0.0076944444444443936 0.00475520833333345
0 0.31166666666666665 0.7981145833333334 0.01185185185185181 0.006953124999999893
0 0.2903518518518518 0.7945052083333334 0.007361111111111127 0.004010416666666572
0 0.3678518518518518 0.8058958333333333 0.004972222222222279 0.006541666666666756
0 0.3756574074074074 0.8106510416666666 0.009407407407407378 0.003999999999999915
0 0.4456388888888889 0.8107708333333333 0.008490740740740755 0.007624999999999815
0 0.6737962962962963 0.8046354166666667 0.013046296296296273 0.006140625000000099
0 0.6537870370370371 0.7975833333333332 0.007833333333333314 0.0047604166666666
0 0.6512129629629629 0.7642239583333332 0.012175925925926062 0.00546875
0 0.6719722222222222 0.7487864583333333 0.009407407407407536 0.003515625
0 0.5851759259259259 0.7367135416666667 0.01125000000000003 0.005421874999999865
0 0.19512962962962963 0.5867604166666667 0.006592592592592597 0.004026041666666735
0 0.3787777777777777 0.5896770833333334 0.00903703703703703 0.006458333333333321
0 0.14873148148148146 0.5238697916666666 0.004898148148148154 0.0056145833333333785
0 0.3502407407407407 0.33046875 0.010777777777777726 0.005197916666666647
0 0.3114259259259259 0.281109375 0.008351851851851834 0.00799479166666659
0 0.3756666666666667 0.25009895833333334 0.009768518518518477 0.0037968750000000107
0 0.26382407407407404 0.25592187499999997 0.006851851851851857 0.004828124999999961
0 0.2661111111111111 0.2516614583333333 0.010138888888888904 0.004312499999999986
0 0.520962962962963 0.288296875 0.011064814814814857 0.0041979166666666675
0 0.5956759259259259 0.3431770833333333 0.007898148148148071 0.007447916666666643
0 0.6958148148148149 0.353140625 0.01208333333333324 0.005026041666666714
0 0.7266944444444445 0.36268229166666666 0.005138888888888952 0.005364583333333339
0 0.7229444444444444 0.3994375 0.011620370370370224 0.005104166666666643
0 0.7657685185185183 0.39201041666666664 0.009185185185185359 0.007119791666666675
0 0.75425 0.39904166666666663 0.012194444444444407 0.0051927083333333625
0 0.5649537037037037 0.42398437499999997 0.008990740740740775 0.007161458333333393
0 0.7797962962962962 0.6239270833333334 0.015351851851851785 0.005713541666666622
0 0.8646666666666666 0.6575572916666667 0.004712962962962782 0.003062500000000057
0 0.869324074074074 0.5883229166666666 0.017407407407407365 0.0038750000000000286
0 0.953111111111111 0.5984583333333333 0.00943518518518513 0.004557291666666607
0 0.9638148148148149 0.5962812499999999 0.009796296296296228 0.008093749999999922
0 0.8256111111111111 0.5637395833333334 0.011972222222222386 0.005848958333333343
0 0.8909814814814815 0.5141354166666666 0.013324074074074273 0.006656249999999986
0 0.9840833333333333 0.438296875 0.017685185185185207 0.0078489583333333
0 0.9436574074074073 0.3880885416666667 0.009537037037036889 0.003671874999999947
0 0.6617500000000001 0.2156614583333333 0.007361111111111206 0.005604166666666632
0 0.6833518518518519 0.27901041666666665 0.00904629629629628 0.005026041666666714
0 0.8155555555555555 0.2901458333333333 0.009092592592592534 0.0038229166666666537
0 0.8263333333333334 0.3472708333333333 0.007305555555555543 0.005588541666666646
0 0.7683703703703704 0.35646354166666666 0.007064814814815021 0.0032343749999999894