0 0.22832407407407404 0.26880729166666667 0.01313888888888886 0.011083333333333289
0 0.4328703703703703 0.28122395833333336 0.02014814814814814 0.01015625
0 0.5637777777777777 0.5691666666666666 0.015240740740740775 0.016776041666666686
0 0.13239814814814815 0.7192916666666667 0.015481481481481494 0.009151041666666693
0 0.8701666666666666 0.6996302083333333 0.0113611111111112 0.012984374999999914
0 0.35215740740740736 0.19529166666666664 0.020592592592592576 0.012875000000000015
0 0.2875185185185185 0.5524895833333333 0.022527777777777817 0.016312500000000084
0 0.2600185185185185 0.26816666666666666 0.01557407407407412 0.008041666666666725
0 0.8550277777777776 0.37376041666666665 0.01324999999999995 0.015265624999999972
0 0.13045370370370368 0.45788020833333326 0.018092592592592598 0.010359374999999994
0 0.7276296296296296 0.7415989583333332 0.013555555555555543 0.007109375000000107
0 0.49624074074074076 0.7819687500000001 0.013333333333333365 0.007177083333333378
0 0.7913055555555556 0.6487343749999999 0.013101851851851936 0.009536458333333364
0 0.4248425925925926 0.8033072916666665 0.014009259259259308 0.005791666666666728
0 0.15374074074074073 0.2922708333333333 0.014888888888888887 0.015286458333333286
0 0.7164166666666666 0.77146875 0.013240740740740699 0.007932291666666735
0 0.8326574074074073 0.721671875 0.011722222222222299 0.012333333333333307
0 0.6834999999999999 0.6866041666666666 0.01365740740740746 0.012703124999999992
0 0.9402314814814815 0.4624427083333333 0.013833333333333383 0.017489583333333236
0 0.44130555555555556 0.664859375 0.016666666666666666 0.00873437500000005
0 0.18044444444444444 0.42247916666666663 0.009083333333333343 0.016906250000000077
0 0.5826111111111112 0.769109375 0.01186111111111106 0.013619791666666714
0 0.8028518518518518 0.6577552083333333 0.014249999999999987 0.012557291666666793
0 0.3027407407407407 0.7911666666666666 0.01389814814814814 0.009994791666666636
0 0.020055555555555556 0.5773229166666667 0.013787037037037035 0.011906250000000007
0 0.44914814814814813 0.20832812499999998 0.01630555555555557 0.009213541666666724
0 0.2464074074074074 0.22856770833333334 0.01761111111111112 0.008687500000000004
0 0.7472685185185185 0.30213541666666666 0.01932407407407387 0.010812500000000025
0 0.3860648148148148 0.30175 0.01428703703703699 0.014593749999999961
0 0.23310185185185184 0.503890625 0.013240740740740699 0.011651041666666551
0 0.6959537037037037 0.23921874999999998 0.014342592592592653 0.010005208333333382
0 0.0549537037037037 0.32244791666666667 0.009657407407407408 0.008687500000000004
0 0.5177407407407407 0.7929635416666667 0.01033333333333341 0.008729166666666722
0 0.026666666666666665 0.458390625 0.010527777777777775 0.011703125000000014
0 0.020333333333333335 0.4350989583333333 0.017546296296296296 0.00997916666666665
0 0.6883703703703704 0.6585416666666667 0.010925925925925936 0.01576562500000005
0 0.6138888888888889 0.33134374999999994 0.014805555555555511 0.010822916666666682
0 0.2166111111111111 0.3526770833333333 0.013425925925925952 0.008911458333333311
0 0.9029444444444443 0.6510937499999999 0.014842592592592673 0.015109375000000114
0 0.9287314814814814 0.5528385416666667 0.01234259259259242 0.013437500000000036
0 0.8885000000000001 0.6780312499999999 0.013620370370370298 0.006838541666666665
0 0.2348518518518518 0.7872239583333334 0.013416666666666702 0.009921875000000035
0 0.9045833333333333 0.44266145833333326 0.010898148148148027 0.012531249999999971
0 0.09110185185185185 0.6947395833333333 0.011953703703703697 0.008802083333333321
0 0.8645462962962963 0.5074687499999999 0.013694444444444306 0.007734374999999893
0 0.2599814814814814 0.7935989583333333 0.01174074074074072 0.008536458333333208
0 0.8907777777777777 0.6881927083333332 0.009537037037036889 0.013583333333333236
0 0.41606481481481483 0.8106562499999999 0.015361111111111193 0.009947916666666501
0 0.10588888888888888 0.6614322916666666 0.01822222222222223 0.00841666666666665
0 0.6006481481481482 0.6924010416666666 0.015407407407407448 0.014343749999999923
0 0.45229629629629625 0.6530781250000001 0.009796296296296386 0.015656249999999972
0 0.12817592592592592 0.6951510416666666 0.009814814814814849 0.007197916666666693
0 0.07448148148148148 0.6640885416666666 0.017370370370370362 0.011177083333333292
0 0.15408333333333332 0.7549427083333333 0.011759259259259263 0.008802083333333321
0 0.14303703703703702 0.7471406249999999 0.010472222222222211 0.013119791666666636
0 0.9816296296296296 0.9945729166666666 0.009407407407407378 0.007874999999999943
0 0.07423148148148148 0.5854427083333332 0.012231481481481489 0.010421875000000113
0 0.8410555555555554 0.7145572916666667 0.011416666666666705 0.010437499999999923
0 0.07199074074074073 0.30046874999999995 0.01135185185185185 0.015682291666666615
0 0.09010185185185185 0.6467604166666666 0.008898148148148157 0.015708333333333258
0 0.7233333333333333 0.23663541666666665 0.007027777777777702 0.004619791666666639
0 0.8456666666666667 0.7115104166666666 0.011342592592592697 0.009604166666666636
0 0.4431388888888888 0.8007291666666667 0.010111111111111072 0.006546875000000086
0 0.07411111111111111 0.7030416666666666 0.016277777777777797 0.010494791666666715
0 0.17286111111111108 0.23372395833333331 0.012685185185185155 0.010151041666666671
0 0.6441574074074075 0.19769791666666664 0.019157407407407512 0.01277083333333331
0 0.6465277777777778 0.26621354166666666 0.014388888888888908 0.00795833333333329
0 0.10233333333333332 0.31514583333333335 0.012842592592592596 0.012161458333333286
0 0.3506481481481481 0.2602291666666666 0.023287037037037016 0.010708333333333275
0 0.04112962962962963 0.649875 0.01160185185185185 0.010562500000000164
0 0.8450185185185185 0.27445833333333336 0.013500000000000038 0.005338541666666696
0 0.1282962962962963 0.6514479166666666 0.008731481481481475 0.005843749999999837
0 0.03399074074074074 0.6225624999999999 0.00944444444444445 0.0035833333333334496
0 0.10041666666666667 0.41124479166666666 0.007157407407407411 0.009031249999999958