0 0.6856944444444444 0.2550364583333333 0.007398148148148209 0.003833333333333311
0 0.6382037037037037 0.242390625 0.010509259259259175 0.0030677083333332964
0 0.5694999999999999 0.26335416666666667 0.011675925925925887 0.005145833333333361
0 0.47275925925925927 0.23752083333333332 0.0058425925925926474 0.0068958333333333675
0 0.44036111111111104 0.2556927083333333 0.009925925925925899 0.005145833333333361
0 0.46662962962962956 0.28585416666666663 0.01264814814814817 0.006348958333333332
0 0.3331111111111111 0.26866666666666666 0.015379629629629616 0.007223958333333336
0 0.21788888888888888 0.28098437499999995 0.015379629629629616 0.006020833333333276
0 0.21896296296296291 0.369828125 0.011287037037037035 0.005255208333333261
0 0.1197037037037037 0.33813020833333335 0.006620370370370349 0.004270833333333357
0 0.038685185185185184 0.4240885416666666 0.006916666666666662 0.006203125000000043
0 0.05514814814814814 0.45576041666666656 0.01185185185185185 0.008796874999999992
0 0.27675 0.5029635416666667 0.013166666666666691 0.006619791666666685
0 0.1504722222222222 0.43778645833333324 0.008759259259259227 0.007916666666666749
0 0.44623148148148145 0.5645416666666667 0.012416666666666585 0.00454687499999995
0 0.5921944444444445 0.5889843749999999 0.010398148148148165 0.004385416666666764
0 0.13599074074074075 0.6095729166666667 0.007509259259259259 0.005604166666666721
0 0.22188888888888889 0.6370625000000001 0.00548148148148147 0.003083333333333371
0 0.18262037037037035 0.67559375 0.006064814814814825 0.0038177083333332364
0 0.10748148148148147 0.6742552083333333 0.012555555555555544 0.006010416666666707
0 0.12162962962962963 0.68440625 0.013425925925925912 0.0048697916666666785
0 0.20269444444444445 0.70490625 0.00981481481481481 0.004630208333333208
0 0.19467592592592592 0.7469739583333334 0.010824074074074099 0.0030052083333332647
0 0.19893518518518516 0.7667864583333334 0.011546296296296296 0.0039791666666666005
0 0.4121666666666667 0.7800260416666667 0.011259259259259283 0.008364583333333364
0 0.3902222222222222 0.8036979166666665 0.009527777777777796 0.003411458333333428
0 0.4197407407407407 0.8081197916666666 0.010824074074074177 0.005442708333333357
0 0.6479907407407407 0.7854635416666665 0.012851851851852005 0.004630208333333208
0 0.5397129629629629 0.798984375 0.00649999999999993 0.0037343749999999786
0 0.5563148148148148 0.7362552083333332 0.011694444444444545 0.004630208333333208
0 0.6303055555555556 0.7101458333333334 0.012129629629629492 0.005036458333333371
0 0.7323703703703703 0.7627656249999999 0.006064814814814667 0.0037343749999999786
0 0.813138888888889 0.7428333333333332 0.004768518518518602 0.004791666666666572
0 0.8770277777777779 0.6577291666666666 0.004907407407407366 0.004140624999999965
0 0.8261388888888888 0.654234375 0.011981481481481638 0.007229166666666664
0 0.7167037037037036 0.6432708333333332 0.013712962962962887 0.007713541666666579
0 0.7716388888888888 0.52596875 0.009527777777777639 0.007307291666666593
0 0.8625833333333333 0.4525625 0.008953703703703771 0.00763541666666665
0 0.8159537037037037 0.42052604166666663 0.01212962962962965 0.006578125000000057
0 0.7718518518518519 0.303546875 0.008231481481481574 0.008119791666666654