0 0.5001111111111111 0.25011979166666665 0.011629629629629632 0.004890624999999993
0 0.5388796296296297 0.25240625 0.012407407407407492 0.006197916666666625
0 0.27908333333333335 0.30696874999999996 0.018509259259259243 0.006062500000000082
0 0.24617592592592594 0.33711979166666667 0.015509259259259285 0.005854166666666672
0 0.12250925925925925 0.43666666666666665 0.012990740740740728 0.0070468749999999854
0 0.25785185185185183 0.3935833333333333 0.009787037037037058 0.007567708333333289
0 0.2049907407407407 0.46561458333333333 0.017055555555555598 0.007270833333333293
0 0.12124999999999998 0.45918749999999997 0.012796296296296304 0.00759895833333335
0 0.09537037037037036 0.4616666666666666 0.013370370370370368 0.005036458333333371
0 0.07927777777777778 0.464171875 0.016092592592592582 0.007432291666666657
0 0.060287037037037035 0.48445312499999993 0.011824074074074077 0.006447916666666664
0 0.10632407407407407 0.5185260416666667 0.015509259259259247 0.006890624999999951
0 0.20827777777777776 0.691890625 0.015314814814814861 0.009499999999999887
0 0.21564814814814812 0.7443072916666666 0.01609259259259256 0.008682291666666763
0 0.26478703703703704 0.734390625 0.014342592592592575 0.00912500000000005
0 0.2715740740740741 0.7597968749999999 0.012212962962962988 0.009234374999999951
0 0.28019444444444447 0.750640625 0.012018518518518562 0.00728124999999995
0 0.29337962962962966 0.7807708333333332 0.009138888888888867 0.004729166666666629
0 0.41984259259259255 0.7639270833333333 0.013490740740740787 0.006406250000000035
0 0.4486944444444444 0.8054166666666667 0.012657407407407423 0.007427083333333329
0 0.4801296296296295 0.8036354166666666 0.015768518518518546 0.0070208333333333425
0 0.485324074074074 0.79846875 0.012453703703703746 0.005447916666666686
0 0.5986296296296296 0.8089427083333334 0.01120370370370362 0.006432291666666501
0 0.774574074074074 0.7428489583333333 0.01753703703703719 0.006973958333333208
0 0.7371111111111112 0.72271875 0.011101851851851861 0.009437499999999942
0 0.8146759259259259 0.7524166666666667 0.014944444444444432 0.007906249999999915
0 0.8411388888888888 0.7339791666666666 0.014324074074073994 0.00955208333333335
0 0.8571203703703704 0.7307135416666666 0.011416666666666705 0.006515625000000113
0 0.8418148148148147 0.7052083333333333 0.012555555555555506 0.009088541666666571
0 0.8637592592592592 0.681625 0.01598148148148147 0.00954687500000002
0 0.9875555555555555 0.6167083333333332 0.008925925925925702 0.007901041666666764
0 0.9829907407407408 0.57384375 0.00975000000000029 0.008322916666666735
0 0.9439722222222222 0.539609375 0.011416666666666705 0.0074479166666668204
0 0.8476759259259258 0.4729479166666666 0.013074074074073868 0.007906250000000092
0 0.824861111111111 0.31315624999999997 0.019074074074074094 0.010890625000000043
0 0.6039814814814815 0.2584375 0.014120370370370318 0.009765625
0 0.6732037037037036 0.33538541666666666 0.010638888888888845 0.007072916666666628
0 0.5543703703703703 0.3093958333333333 0.015037037037037099 0.008328124999999974
0 0.4170185185185185 0.34518229166666664 0.01980555555555554 0.013057291666666604
0 0.3313796296296296 0.5333854166666666 0.021268518518518516 0.010671874999999886
0 0.5085277777777778 0.7469635416666667 0.015768518518518546 0.008921875000000056
0 0.6399259259259259 0.7425833333333334 0.01999074074074072 0.009442708333333449
0 0.5018333333333334 0.6573802083333333 0.01888888888888892 0.012333333333333307
0 0.7440833333333333 0.6692395833333333 0.014851851851851923 0.01130208333333318
0 0.7676481481481481 0.625765625 0.0168703703703705 0.009151041666666693
0 0.732074074074074 0.543296875 0.013935185185185143 0.00759895833333335
0 0.08257407407407408 0.40004687499999997 0.008916666666666668 0.0050156250000000565
0 0.4765555555555555 0.49826041666666665 0.007620370370370388 0.0032552083333333925
0 0.3747129629629629 0.6526822916666667 0.007250000000000038 0.003125