0 0.1720462962962963 0.2554166666666666 0.012157407407407403 0.007609375000000007
0 0.15093518518518517 0.250859375 0.00522222222222221 0.004520833333333307
0 0.14419444444444443 0.3245208333333333 0.011249999999999993 0.007057291666666643
0 0.2037037037037037 0.3394010416666666 0.006481481481481508 0.0045312500000000535
0 0.03573148148148148 0.32805729166666664 0.008268518518518527 0.007343749999999982
0 0.16232407407407407 0.40391666666666665 0.00942592592592592 0.007651041666666636
0 0.010851851851851854 0.4561302083333333 0.01490740740740741 0.005083333333333329
0 0.08418518518518518 0.48888541666666663 0.004287037037037026 0.003973958333333449
0 0.10142592592592593 0.4959635416666666 0.008777777777777768 0.008255208333333286
0 0.15096296296296297 0.512703125 0.009388888888888875 0.006692708333333286
0 0.01101851851851852 0.4963697916666666 0.008833333333333335 0.0069270833333332504
0 0.014694444444444442 0.5780260416666666 0.00800925925925926 0.005302083333333307
0 0.03431481481481481 0.5738749999999999 0.00942592592592593 0.005343750000000114
0 0.0399537037037037 0.6047135416666667 0.00853703703703704 0.004927083333333293
0 0.04196296296296296 0.653171875 0.0058611111111111095 0.003505208333333343
0 0.03769444444444445 0.6577395833333333 0.013499999999999998 0.006302083333333286
0 0.06084259259259258 0.702734375 0.010981481481481481 0.006135416666666771
0 0.0710462962962963 0.6987499999999999 0.01224074074074074 0.006843749999999993
0 0.09838888888888889 0.7259166666666667 0.005935185185185195 0.003755208333333293
0 0.1087037037037037 0.698265625 0.006972222222222236 0.0037135416666666645
0 0.1504722222222222 0.726125 0.013796296296296261 0.00501041666666655
0 0.1452037037037037 0.7386041666666665 0.008462962962962964 0.0027552083333333144
0 0.14598148148148146 0.69259375 0.007046296296296322 0.005052083333333179
0 0.12046296296296294 0.6554062500000001 0.01046296296296296 0.005968750000000078
0 0.11893518518518517 0.6466614583333332 0.00994444444444444 0.004338541666666629
0 0.25705555555555554 0.6986874999999999 0.008601851851851845 0.006744791666666572
0 0.3270648148148148 0.66871875 0.008601851851851845 0.0027187499999998367
0 0.2308888888888889 0.76234375 0.012564814814814834 0.004562500000000113
0 0.23864814814814814 0.7755052083333334 0.012388888888888911 0.004614583333333399
0 0.3089722222222222 0.7943802083333333 0.01007407407407407 0.004062500000000036
0 0.2556759259259259 0.7974374999999998 0.01185185185185181 0.005161458333333169
0 0.3598240740740741 0.812453125 0.010518518518518545 0.007317708333333428
0 0.42688888888888893 0.8030312499999999 0.006861111111111029 0.004510416666666473
0 0.4443611111111111 0.8140104166666667 0.010787037037037015 0.004010416666666572
0 0.45799999999999996 0.79971875 0.005796296296296235 0.0045104166666666504
0 0.4606296296296296 0.7951093749999999 0.006064814814814825 0.0027083333333331795
0 0.44509259259259254 0.736140625 0.012787037037036934 0.0048437500000000355
0 0.4271203703703703 0.73784375 0.015879629629629556 0.006135416666666771
0 0.4647685185185185 0.7170520833333333 0.0107037037037036 0.003968749999999943
0 0.636037037037037 0.7931406249999999 0.013675925925925961 0.005572916666666572
0 0.6155185185185185 0.8064739583333334 0.01085185185185193 0.005437500000000028
0 0.750175925925926 0.7679375 0.011324074074074196 0.006369791666666735
0 0.7826666666666666 0.739546875 0.0069537037037036955 0.005572916666666572
0 0.8155 0.7357395833333332 0.011111111111111112 0.0033854166666666074
0 0.8488888888888888 0.7298697916666665 0.010907407407407277 0.005765625000000085
0 0.844287037037037 0.7068125 0.011092592592592609 0.005979166666666735
0 0.9076574074074074 0.6667187499999999 0.008083333333333245 0.005130208333333286
0 0.831398148148148 0.621734375 0.009027777777777777 0.0068749999999999645
0 0.8797777777777777 0.5548802083333333 0.011185185185185118 0.006031250000000021
0 0.8186574074074073 0.5707239583333333 0.009870370370370552 0.007140625000000078
0 0.6098518518518519 0.6649270833333334 0.010027777777777658 0.0035416666666668204
0 0.18739814814814812 0.6133645833333333 0.013046296296296273 0.0054947916666668204
0 0.3549444444444444 0.46301041666666665 0.01442592592592599 0.003958333333333286
0 0.3602685185185185 0.42746874999999995 0.007898148148148071 0.007437499999999986
0 0.3206018518518518 0.42398958333333325 0.009620370370370383 0.006276041666666643
0 0.2743055555555556 0.4018385416666666 0.011388888888888874 0.0057552083333332945
0 0.5615277777777778 0.4875572916666666 0.004499999999999855 0.002635416666666579
0 0.9550185185185185 0.45348437500000005 0.00640740740740758 0.0060000000000000496
0 0.9384722222222222 0.45453124999999994 0.010129629629629575 0.0067708333333333925
0 0.8823055555555556 0.44335416666666666 0.009592592592592394 0.008203125
0 0.758638888888889 0.4065625 0.008657407407407428 0.007187500000000036
0 0.8182592592592592 0.26982291666666663 0.01121296296296287 0.006447916666666664
0 0.7620833333333332 0.24699999999999997 0.011768518518518551 0.005479166666666657
0 0.6722962962962963 0.21926562499999996 0.013851851851851886 0.0046875
0 0.60775 0.2167239583333333 0.010898148148148185 0.005624999999999947
0 0.5199814814814815 0.22233333333333333 0.012120370370370242 0.005135416666666703
0 0.4014444444444444 0.21102604166666666 0.013314814814814863 0.004416666666666647
0 0.4055833333333333 0.18978645833333332 0.010666666666666597 0.004078125000000021
0 0.31510185185185186 0.21048437499999997 0.007629629629629638 0.0034114583333333393
0 0.3498425925925926 0.23333854166666662 0.006814814814814853 0.003833333333333311
0 0.3579444444444444 0.26170312500000004 0.005398148148148173 0.0031562499999999716
0 0.4394907407407407 0.35063541666666664 0.003166666666666629 0.002973958333333382
0 0.5420925925925926 0.37575000000000003 0.004648148148148184 0.0037447916666667248