0 0.2987592592592593 0.705140625 0.014509259259259248 0.0069947916666665225
0 0.2833703703703704 0.7215833333333334 0.015388888888888867 0.011682291666666521
0 0.21466666666666667 0.7049375 0.01404629629629631 0.008572916666666685
0 0.20406481481481478 0.7006666666666665 0.011240740740740702 0.009078124999999914
0 0.19550925925925924 0.6851145833333334 0.01327777777777778 0.009875000000000078
0 0.15362962962962962 0.6736927083333333 0.01225925925925928 0.008151041666666714
0 0.1663611111111111 0.6732812499999999 0.008296296296296291 0.004494791666666664
0 0.11503703703703703 0.6540937499999999 0.011111111111111112 0.007890625000000106
0 0.1293888888888889 0.6072239583333332 0.020296296296296312 0.009796874999999972
0 0.06371296296296297 0.5839114583333332 0.016629629629629644 0.006458333333333321
0 0.11917592592592594 0.5210416666666666 0.01338888888888887 0.010593749999999957
0 0.015435185185185185 0.5030833333333333 0.011416666666666665 0.007973958333333364
0 0.0941574074074074 0.478546875 0.009870370370370354 0.009328125000000043
0 0.022268518518518517 0.45531249999999995 0.012407407407407403 0.0066250000000000146
0 0.022518518518518514 0.43118749999999995 0.008814814814814812 0.0043333333333333
0 0.027805555555555556 0.3792604166666666 0.011361111111111108 0.0056197916666666185
0 0.16698148148148148 0.3203020833333333 0.014453703703703703 0.009671874999999996
0 0.16225925925925927 0.2877395833333333 0.013870370370370387 0.0067760416666666325
0 0.2810740740740741 0.357921875 0.009879629629629565 0.005255208333333261
0 0.3910462962962962 0.22566666666666663 0.014750000000000006 0.007093750000000032
0 0.41944444444444445 0.21426041666666668 0.014009259259259308 0.009671874999999996
0 0.47424074074074063 0.2918385416666667 0.014750000000000006 0.008005208333333246
0 0.5715925925925927 0.22558333333333333 0.015638888888889035 0.00642708333333335
0 0.6909259259259259 0.224421875 0.016222222222222152 0.007588541666666693
0 0.7961018518518518 0.25715625 0.01238888888888899 0.006348958333333332
0 0.8069444444444445 0.4319375 0.013722222222222058 0.007927083333333407
0 0.8978796296296296 0.3393489583333333 0.01593518518518522 0.007447916666666643
0 0.943685185185185 0.5429114583333334 0.02079629629629633 0.009328124999999864
0 0.9236944444444444 0.516328125 0.010027777777777816 0.006442708333333336
0 0.9140370370370369 0.5112708333333333 0.012833333333333346 0.006276041666666643
0 0.9051851851851852 0.5384322916666666 0.018148148148148063 0.007338541666666742
0 0.9049629629629629 0.5640625 0.013277777777777703 0.009812500000000135
0 0.8686759259259258 0.53565625 0.015046296296296191 0.009250000000000114
0 0.8530370370370369 0.5199374999999999 0.013870370370370387 0.008182291666666685
0 0.8682129629629628 0.629515625 0.016898148148148252 0.010744791666666665
0 0.8960925925925926 0.6321302083333333 0.015212962962963022 0.010270833333333229
0 0.6892222222222222 0.647921875 0.008851851851851854 0.006213541666666522
0 0.7049351851851852 0.7197864583333333 0.018148148148147986 0.010166666666666657
0 0.6901851851851851 0.7245989583333333 0.011657407407407384 0.006843749999999993
0 0.636398148148148 0.7382500000000001 0.016527777777777745 0.008083333333333265
0 0.5424074074074073 0.6834010416666667 0.01712037037037043 0.0071145833333332575
0 0.4897962962962963 0.6423125 0.010203703703703739 0.008322916666666735
0 0.35719444444444437 0.6035052083333333 0.008453703703703713 0.005338541666666608
0 0.2091296296296296 0.4013385416666667 0.009990740740740734 0.007755208333333386
0 0.27199999999999996 0.4874427083333333 0.011398148148148124 0.004838541666666707
0 0.41566666666666663 0.36356249999999996 0.012537037037037003 0.008338541666666633
0 0.5574166666666667 0.527578125 0.010935185185185187 0.004770833333333435
0 0.4474259259259259 0.4499270833333333 0.006398148148148171 0.0025520833333333216