0 0.5820740740740741 0.2502552083333333 0.014064814814814813 0.007036458333333329
0 0.7400555555555555 0.31576562499999994 0.0128796296296296 0.006697916666666614
0 0.7728981481481482 0.31835416666666666 0.008231481481481574 0.0055677083333333325
0 0.8191203703703703 0.3222864583333333 0.016009259259259227 0.00813020833333331
0 0.9567685185185184 0.4852708333333333 0.010268518518518652 0.009187499999999993
0 0.9335925925925925 0.5435989583333333 0.01455555555555558 0.006984374999999865
0 0.9407499999999999 0.5661510416666666 0.011981481481481638 0.009171875000000006
0 0.9720092592592592 0.5706666666666667 0.00620370370370343 0.004364583333333449
0 0.9160462962962962 0.6228437499999999 0.012212962962962908 0.0069583333333334
0 0.8843611111111112 0.6523385416666667 0.013592592592592547 0.007677083333333279
0 0.8582592592592592 0.69884375 0.013712962962962807 0.00845312499999995
0 0.8166018518518517 0.7218541666666667 0.011981481481481638 0.00625
0 0.7743148148148148 0.7490781249999999 0.015898148148148217 0.00703125
0 0.6570185185185186 0.7585677083333333 0.017055555555555674 0.008515624999999893
0 0.638175925925926 0.7913645833333334 0.015324074074074032 0.0060520833333333355
0 0.6142685185185185 0.7861197916666666 0.009675925925925968 0.005994791666666721
0 0.4630925925925925 0.7793072916666667 0.01290740740740751 0.008385416666666678
0 0.41025925925925927 0.7625572916666666 0.014407407407407409 0.007166666666666721
0 0.2751296296296296 0.7428177083333333 0.015861111111111135 0.006312499999999943
0 0.1897685185185185 0.7398177083333334 0.010370370370370334 0.004307291666666657
0 0.1066111111111111 0.6954322916666666 0.011416666666666665 0.004651041666666522
0 0.07282407407407408 0.6454479166666667 0.016666666666666666 0.00639062500000005
0 0.06711111111111111 0.5562395833333333 0.013888888888888888 0.006401041666666707
0 0.04494444444444445 0.5362499999999999 0.013166666666666667 0.007770833333333371
0 0.06094444444444444 0.5260052083333333 0.013888888888888888 0.007197916666666693
0 0.08146296296296297 0.5068020833333333 0.011722222222222219 0.007843749999999972
0 0.05760185185185185 0.4635260416666666 0.012546296296296293 0.0073854166666667
0 0.1357685185185185 0.34596875 0.011111111111111112 0.007625000000000081
0 0.10604629629629628 0.370953125 0.013370370370370368 0.008302083333333331
0 0.11802777777777776 0.38090104166666666 0.010796296296296306 0.007369791666666714
0 0.13124074074074074 0.37951041666666663 0.0164537037037037 0.008062500000000038
0 0.2219537037037037 0.31413541666666667 0.0137777777777778 0.00748958333333336
0 0.27214814814814814 0.3304479166666667 0.012962962962962937 0.006786458333333289
0 0.2618611111111111 0.2765416666666667 0.014601851851851835 0.008671875000000018
0 0.38457407407407407 0.2588958333333333 0.01274999999999993 0.0066979166666667036
0 0.4096666666666666 0.31543229166666664 0.018722222222222248 0.00927083333333334
0 0.47857407407407404 0.284578125 0.015425925925925949 0.008765624999999933
0 0.18960185185185183 0.41821875 0.010620370370370422 0.007718749999999908
0 0.2624444444444444 0.4261145833333333 0.01683333333333326 0.007531250000000078
0 0.2799074074074074 0.4875364583333333 0.013888888888888888 0.00824479166666663
0 0.24582407407407408 0.55859375 0.013888888888888888 0.010843750000000086
0 0.3396296296296296 0.6510937499999999 0.01187037037037039 0.004531249999999964
0 0.4909351851851852 0.5493125 0.013453703703703626 0.010052083333333428
0 0.725861111111111 0.7026822916666667 0.00894444444444452 0.006984374999999865
0 0.7525 0.7041666666666666 0.01159259259259247 0.0065572916666667425
0 0.7004814814814815 0.6573802083333333 0.013351851851851866 0.008630208333333477
0 0.6737407407407408 0.6928124999999999 0.01389814814814814 0.007427083333333506
0 0.551287037037037 0.4605520833333333 0.010083333333333479 0.005828125000000029
0 0.43734259259259256 0.4981354166666666 0.007999999999999988 0.00372916666666665