0 0.5925925925925926 0.26457291666666666 0.013731481481481466 0.005760416666666668
0 0.7600555555555556 0.28167187499999996 0.007842592592592724 0.005390624999999982
0 0.657962962962963 0.3189322916666667 0.012851851851852005 0.004901041666666739
0 0.7731296296296296 0.3306354166666667 0.008712962962962933 0.003802083333333339
0 0.3278425925925926 0.2965 0.010240740740740663 0.006619791666666685
0 0.3865092592592592 0.34365625 0.0036851851851851494 0.003223958333333332
0 0.4190648148148148 0.33998437499999995 0.003481481481481473 0.002848958333333318
0 0.26840740740740743 0.37419270833333335 0.013416666666666702 0.004520833333333396
0 0.17377777777777778 0.3789166666666667 0.006703703703703726 0.004406249999999989
0 0.35874999999999996 0.4370520833333333 0.01366666666666667 0.005401041666666551
0 0.21225925925925923 0.4064270833333333 0.009972222222222231 0.0037916666666665934
0 0.1158148148148148 0.48146875 0.008101851851851825 0.006833333333333335
0 0.16449074074074074 0.5077864583333334 0.008611111111111135 0.005677083333333321
0 0.16314814814814813 0.5255364583333333 0.00574074074074073 0.0037760416666666073
0 0.1361851851851852 0.5323854166666666 0.00458333333333331 0.0028385416666667496
0 0.2602962962962963 0.5384374999999999 0.012296296296296244 0.004984375000000085
0 0.17752777777777776 0.5919739583333332 0.006046296296296264 0.002989583333333279
0 0.2914629629629629 0.6350989583333334 0.006675925925925933 0.0038697916666665224
0 0.2522685185185185 0.6672916666666666 0.008759259259259267 0.007270833333333293
0 0.10725925925925925 0.6048125 0.00894444444444444 0.0069687500000000565
0 0.16318518518518518 0.6420416666666666 0.0076944444444444334 0.006406250000000035
0 0.3650277777777778 0.7125885416666666 0.01085185185185193 0.0034479166666665506
0 0.1716759259259259 0.724765625 0.008990740740740735 0.006927083333333428
0 0.16553703703703704 0.718515625 0.004675925925925937 0.003187499999999943
0 0.21007407407407408 0.76484375 0.006157407407407413 0.0035416666666668204
0 0.25960185185185186 0.7997760416666666 0.009749999999999974 0.005843749999999837
0 0.4795277777777778 0.8127135416666667 0.011916666666666565 0.0046979166666666575
0 0.5173148148148149 0.8387604166666666 0.012555555555555506 0.004302083333333329
0 0.5777314814814816 0.8384010416666665 0.015101851851851854 0.0051614583333332575
0 0.43428703703703697 0.8576770833333333 0.007416666666666711 0.005916666666666614
0 0.6692962962962963 0.8395052083333333 0.011675925925925887 0.004234375000000057
0 0.7640370370370368 0.79859375 0.0106203703703705 0.005052083333333179
0 0.875 0.6911927083333332 0.0035740740740739813 0.0022239583333332645
0 0.9231203703703703 0.587234375 0.0106203703703705 0.004453125000000035
0 0.7850833333333334 0.5485885416666666 0.00906481481481478 0.0071145833333332575
0 0.9499537037037038 0.5349999999999999 0.005833333333333397 0.005729166666666607
0 0.4010277777777778 0.41253124999999996 0.005249999999999962 0.004963541666666594
0 0.49637037037037035 0.49606770833333336 0.011518518518518622 0.00564583333333335
0 0.5661851851851851 0.5243541666666667 0.0068981481481481905 0.005541666666666778
0 0.49051851851851846 0.5332083333333333 0.008564814814814763 0.0025989583333332787
0 0.37581481481481477 0.5355104166666667 0.010638888888888845 0.0059843749999998865
0 0.5555092592592593 0.6505520833333333 0.00637962962962967 0.003859374999999865