0 0.43999999999999995 0.26913020833333334 0.018157407407407473 0.009104166666666646
0 0.39535185185185184 0.27202083333333327 0.015481481481481454 0.009348958333333357
0 0.2972592592592593 0.2900989583333333 0.013990740740740727 0.011348958333333315
0 0.31273148148148144 0.3456927083333333 0.014583333333333334 0.01100520833333336
0 0.41730555555555554 0.35142708333333333 0.014740740740740756 0.010916666666666686
0 0.22163888888888886 0.35523437499999994 0.015481481481481534 0.007984374999999932
0 0.19491666666666663 0.3413802083333334 0.014740740740740756 0.008916666666666639
0 0.14639814814814814 0.39722916666666663 0.01592592592592593 0.008078124999999981
0 0.08335185185185184 0.408984375 0.02113888888888891 0.009994791666666636
0 0.10605555555555556 0.41032812500000004 0.013842592592592596 0.006645833333333328
0 0.08760185185185185 0.42808333333333326 0.014435185185185181 0.01151041666666668
0 0.053879629629629625 0.5707552083333333 0.010416666666666666 0.0074947916666666
0 0.10360185185185185 0.5954479166666666 0.016972222222222222 0.008651041666666793
0 0.0739074074074074 0.6397864583333334 0.015629629629629625 0.005901041666666629
0 0.14527777777777778 0.670296875 0.021731481481481456 0.014166666666666572
0 0.11617592592592592 0.6824427083333333 0.014435185185185162 0.009322916666666714
0 0.2528981481481481 0.7637395833333334 0.01697222222222226 0.014166666666666572
0 0.28087962962962965 0.7583854166666666 0.00803703703703699 0.009489583333333228
0 0.3131851851851852 0.7780104166666666 0.015481481481481534 0.010062500000000085
0 0.31512037037037033 0.7542395833333334 0.012203703703703658 0.006729166666666763
0 0.33401851851851855 0.7714427083333334 0.01607407407407406 0.009479166666666572
0 0.38001851851851853 0.8028854166666666 0.018157407407407473 0.007567708333333467
0 0.41283333333333333 0.808453125 0.017416666666666615 0.00915104166666687
0 0.4435 0.76040625 0.01264814814814817 0.007510416666666764
0 0.4857037037037036 0.8145677083333333 0.017564814814814787 0.007312500000000099
0 0.5315462962962964 0.8132708333333334 0.014583333333333334 0.007234374999999816
0 0.5315462962962964 0.7705416666666667 0.016370370370370483 0.010692708333333379
0 0.6322407407407408 0.8123906249999999 0.01324999999999995 0.008994791666666658
0 0.6619351851851851 0.8067447916666666 0.016370370370370483 0.00824479166666663
0 0.6402777777777777 0.7483072916666667 0.01592592592592597 0.008927083333333207
0 0.7526666666666666 0.7788124999999999 0.01920370370370361 0.011166666666666636
0 0.73875 0.7643333333333333 0.019055555555555593 0.008328124999999886
0 0.7513981481481481 0.76115625 0.013990740740740647 0.007994791666666678
0 0.847925925925926 0.7398072916666667 0.009675925925925968 0.00951041666666672
0 0.8743518518518518 0.7113489583333333 0.011611111111110971 0.009859374999999915
0 0.9135000000000001 0.713265625 0.016666666666666666 0.010177083333333314
0 0.8910185185185184 0.6279427083333333 0.016370370370370323 0.010843750000000086
0 0.7581666666666667 0.4956875 0.017712962962962958 0.008567708333333358
0 0.887074074074074 0.339625 0.01651851851851834 0.012937499999999958
0 0.8411574074074074 0.3452760416666666 0.018453703703703656 0.008661458333333361
0 0.6741296296296295 0.6965729166666667 0.024796296296296323 0.011031249999999914
0 0.7645 0.5337656249999999 0.015333333333333282 0.008411458333333321
0 0.24512962962962964 0.5081145833333334 0.015018518518518518 0.014296874999999964
0 0.43449074074074073 0.6659635416666667 0.014111111111111067 0.012739583333333294
0 0.37849999999999995 0.6598124999999999 0.01274999999999993 0.005052083333333179
0 0.6887685185185185 0.3907395833333333 0.01096296296296294 0.006614583333333357