0 0.19927777777777778 0.265890625 0.012074074074074067 0.006666666666666643
0 0.2865 0.24752604166666664 0.009398148148148128 0.006666666666666643
0 0.3637777777777777 0.23950520833333333 0.013194444444444444 0.0038385416666666394
0 0.3596388888888889 0.29897916666666663 0.0031296296296296254 0.0026406249999999963
0 0.22152777777777777 0.3301458333333333 0.01006481481481482 0.005473958333333329
0 0.25563888888888886 0.34036979166666664 0.014759259259259336 0.005411458333333385
0 0.6360740740740741 0.2639739583333333 0.014120370370370318 0.004609374999999982
0 0.5790185185185185 0.3010364583333333 0.0135555555555557 0.005958333333333332
0 0.5213981481481481 0.3004375 0.014685185185185093 0.004765625000000018
0 0.4923055555555556 0.31938541666666664 0.01186111111111106 0.004369791666666689
0 0.7328703703703703 0.24389062499999997 0.01595370370370372 0.005156250000000018
0 0.8588796296296296 0.3604895833333333 0.010361111111111161 0.007395833333333357
0 0.8381574074074074 0.35290625000000003 0.008231481481481574 0.004484374999999918
0 0.9208981481481481 0.3741979166666667 0.004249999999999924 0.004036458333333303
0 0.8939351851851852 0.4227187499999999 0.014074074074074221 0.007546875000000064
0 0.9102777777777777 0.4440833333333333 0.004777777777777854 0.003958333333333286
0 0.7454814814814815 0.5887395833333333 0.010962962962962782 0.007359375000000057
0 0.6831944444444444 0.606328125 0.011462962962963117 0.006098958333333293
0 0.5640925925925926 0.5853437499999999 0.00498148148148153 0.0037864583333332646
0 0.5135833333333333 0.5709687499999999 0.010425925925925918 0.005864583333333506
0 0.47407407407407404 0.5550937499999999 0.011574074074074127 0.006401041666666707
0 0.28015740740740736 0.6302708333333332 0.008518518518518587 0.005864583333333506
0 0.24080555555555555 0.479203125 0.011703703703703718 0.009182291666666665
0 0.07082407407407407 0.5806666666666667 0.0067777777777777715 0.004416666666666735
0 0.05758333333333333 0.5780208333333332 0.008009259259259258 0.0076197916666666645
0 0.10099999999999999 0.61734375 0.009851851851851853 0.009005208333333315
0 0.1098611111111111 0.67 0.01185185185185185 0.005890624999999971
0 0.07906481481481481 0.6655 0.003851851851851842 0.0020781249999998865
0 0.08322222222222221 0.6787916666666666 0.009388888888888875 0.007187500000000036
0 0.17377777777777778 0.7316510416666666 0.012518518518518502 0.009208333333333308
0 0.2035833333333333 0.7755624999999999 0.006037037037036994 0.002671875000000057
0 0.28918518518518516 0.7827968750000001 0.01275000000000001 0.003989583333333257
0 0.3106574074074074 0.7843645833333334 0.011620370370370302 0.005942708333333257
0 0.34385185185185185 0.7895677083333333 0.014037037037036982 0.006156250000000085
0 0.29511111111111116 0.797484375 0.009805555555555559 0.005177083333333332
0 0.4479537037037037 0.7888072916666666 0.010999999999999944 0.008880208333333427
0 0.5483703703703704 0.8120208333333332 0.013425925925925872 0.0044739583333335275
0 0.629074074074074 0.7779583333333333 0.009611111111111213 0.0036510416666667212
0 0.7287962962962963 0.7601458333333333 0.013731481481481308 0.005656250000000007
0 0.7800092592592591 0.7106041666666666 0.006648148148148102 0.0030000000000001137
0 0.9011203703703703 0.6563697916666666 0.005768518518518641 0.0055416666666666