0 0.5143430335097001 0.18509176587301585 0.008447971781305026 0.0036656746031745956
0 0.7518915343915343 0.19256944444444443 0.01720458553791894 0.007733134920634921
0 0.8263359788359789 0.24176835317460316 0.018055555555555554 0.009578373015872988
0 0.7080202821869488 0.3682217261904762 0.00753527336860671 0.011996527777777733
0 0.6688447971781305 0.4420461309523809 0.013033509700176341 0.009665178571428434
0 0.5935229276895942 0.28554067460317456 0.022438271604938286 0.007814980158730212
0 0.5466843033509701 0.27962301587301586 0.012901234567901395 0.010176091269841337
0 0.46641534391534384 0.3049007936507936 0.010357142857142777 0.007574404761904763
0 0.35834215167548505 0.32330109126984125 0.011256613756613732 0.008149801587301653
0 0.3157804232804233 0.4646552579365079 0.011807760141093443 0.006785714285714306
0 0.5084567901234568 0.49918402777777776 0.01033509700176375 0.005667162698412653
0 0.8906657848324514 0.6167212301587301 0.01599206349206352 0.00841021825396826
0 0.8852601410934743 0.5884201388888889 0.013567019400352681 0.004670138888888786
0 0.6123059964726631 0.5366542658730158 0.01652116402116393 0.003990575396825413
0 0.40720899470899463 0.7050843253968254 0.016631393298060005 0.004255952380952266
0 0.25324074074074077 0.5516790674603174 0.010815696649029939 0.0084573412698413
0 0.1644664902998236 0.5484126984126984 0.006115520282186932 0.007309027777777821
0 0.15613756613756613 0.5785044642857142 0.008597883597883577 0.0068625992063491735
0 0.1948148148148148 0.2616666666666666 0.004466490299823612 0.006768353174603181
0 0.13251763668430333 0.3655853174603174 0.009519400352733716 0.003784722222222303