0 0.3025277777777778 0.24141145833333333 0.01618518518518523 0.007473958333333375
0 0.34225 0.2650052083333333 0.017444444444444446 0.009968749999999993
0 0.39242592592592584 0.2343177083333333 0.009981481481481404 0.008177083333333357
0 0.3992037037037036 0.22190104166666663 0.014083333333333314 0.007458333333333389
0 0.5088055555555555 0.22775520833333332 0.013870370370370387 0.00923437500000004
0 0.5708055555555556 0.21546354166666665 0.01618518518518515 0.00948437499999999
0 0.6789351851851851 0.22279687499999995 0.014287037037037148 0.007833333333333314
0 0.8140740740740741 0.28052083333333333 0.01471296296296316 0.0066041666666667
0 0.84675 0.34551041666666665 0.011981481481481638 0.008546875000000042
0 0.8754351851851851 0.378046875 0.011981481481481638 0.008015625000000082
0 0.9559351851851852 0.4338749999999999 0.01029629629629609 0.006890624999999951
0 0.7859074074074073 0.49392708333333335 0.017657407407407455 0.005348958333333265
0 0.8070277777777777 0.5264427083333333 0.018287037037037143 0.007015625000000014
0 0.734574074074074 0.5287968749999999 0.014601851851851835 0.0069947916666666995
0 0.8941944444444444 0.5695937499999999 0.012296296296296166 0.0063072916666667925
0 0.9265092592592592 0.5771614583333333 0.008194444444444254 0.006552083333333236
0 0.9189444444444445 0.5853802083333333 0.014500000000000075 0.008093749999999922
0 0.7902037037037036 0.6491406249999999 0.012509259259259251 0.0077916666666666854
0 0.7548981481481482 0.7022239583333333 0.012509259259259251 0.006536458333333428
0 0.7200648148148148 0.68759375 0.013759259259259062 0.005432291666666522
0 0.528425925925926 0.7234114583333333 0.01835185185185174 0.008562500000000028
0 0.5223055555555556 0.7471510416666666 0.012787037037036934 0.0058385416666666854
0 0.39593518518518517 0.7479374999999999 0.016129629629629643 0.006468749999999979
0 0.3832129629629629 0.7358125 0.013203703703703695 0.007552083333333392
0 0.30787037037037035 0.7261093750000001 0.017657407407407455 0.007859375000000135
0 0.3816851851851852 0.7029947916666666 0.013481481481481379 0.005265625000000007
0 0.20152777777777778 0.6993645833333333 0.01580555555555555 0.009770833333333506
0 0.12748148148148147 0.6549635416666666 0.009907407407407396 0.0063854166666667215
0 0.08750925925925926 0.6402708333333333 0.015935185185185198 0.007729166666666743
0 0.05704629629629629 0.5918281249999999 0.018481481481481488 0.009817708333333286
0 0.049277777777777775 0.5357239583333333 0.017407407407407406 0.010593749999999957
0 0.025712962962962955 0.5177552083333333 0.016870370370370362 0.010354166666666664
0 0.05423148148148147 0.393359375 0.011249999999999993 0.0069687500000000565
0 0.1216574074074074 0.28940104166666664 0.015129629629629606 0.010109375000000042
0 0.1477037037037037 0.31257291666666664 0.019814814814814792 0.011708333333333343
0 0.21184259259259255 0.3338541666666667 0.01633333333333332 0.009536458333333275
0 0.23440740740740743 0.2969427083333333 0.020490740740740736 0.010276041666666647
0 0.3235092592592592 0.3817864583333333 0.020444444444444484 0.012140624999999971
0 0.29830555555555555 0.4478385416666667 0.01592592592592597 0.009375
0 0.4006296296296296 0.38038541666666664 0.019203703703703764 0.009328125000000043
0 0.5898981481481482 0.45571874999999995 0.01841666666666681 0.010385416666666637
0 0.5987870370370371 0.5456406250000001 0.015611111111110966 0.007947916666666721
0 0.6521759259259259 0.6077239583333333 0.013740740740740718 0.007249999999999979
0 0.3668518518518518 0.5715833333333333 0.017138888888888933 0.01413020833333345
0 0.33825925925925926 0.6027968749999999 0.017314814814814856 0.011411458333333258
0 0.2695185185185185 0.6823645833333334 0.011907407407407394 0.007369791666666714