0 0.32749999999999996 0.25271875 0.022537037037037067 0.01356250000000001
0 0.3043703703703704 0.28586979166666665 0.019453703703703695 0.010208333333333286
0 0.2303518518518519 0.31194791666666666 0.019453703703703695 0.011921875000000082
0 0.1512314814814815 0.3249010416666666 0.019212962962962977 0.009807291666666629
0 0.1646388888888889 0.340375 0.021824074074074083 0.010328124999999933
0 0.23996296296296296 0.3521145833333333 0.014472222222222244 0.009786458333333314
0 0.31825 0.3260989583333333 0.014472222222222244 0.010604166666666614
0 0.4054351851851851 0.32743749999999994 0.019453703703703695 0.013270833333333343
0 0.09858333333333331 0.37205208333333334 0.015388888888888907 0.008036458333333395
0 0.08241666666666667 0.45854687499999996 0.010629629629629614 0.009302083333333221
0 0.19763888888888886 0.5021875 0.015287037037037028 0.009109375000000064
0 0.14222222222222222 0.56078125 0.011824074074074058 0.006984374999999865
0 0.13262962962962963 0.5821510416666666 0.010194444444444449 0.007640624999999979
0 0.17166666666666666 0.6802447916666666 0.010194444444444449 0.0047239583333334775
0 0.21070370370370367 0.7031770833333333 0.0108425925925926 0.008500000000000086
0 0.28238888888888886 0.7294427083333332 0.015620370370370375 0.00759895833333335
0 0.354287037037037 0.7261197916666667 0.011064814814814857 0.005708333333333293
0 0.3851388888888888 0.7339270833333333 0.014861111111111016 0.007411458333333343
0 0.41707407407407404 0.78540625 0.01236111111111108 0.006067708333333322
0 0.4479814814814814 0.7793697916666666 0.015620370370370375 0.0064375000000000075
0 0.7025462962962963 0.769296875 0.01659259259259266 0.007156249999999887
0 0.7198425925925925 0.7588385416666666 0.011490740740740711 0.007098958333333449
0 0.8260092592592593 0.6920572916666666 0.016916666666666753 0.009317708333333207
0 0.8707407407407407 0.6684427083333333 0.008129629629629499 0.005270833333333336
0 0.9139537037037037 0.6477083333333333 0.014101851851851975 0.005531249999999943
0 0.8981759259259259 0.6592343749999999 0.012249999999999912 0.008083333333333265
0 0.9316851851851851 0.6540208333333333 0.012907407407407352 0.007536458333333229
0 0.9743518518518518 0.4089114583333333 0.013824074074073817 0.008192708333333344
0 0.9600740740740741 0.37726041666666665 0.013120370370370438 0.0070885416666666146
0 0.9297777777777777 0.3953125 0.013018518518518363 0.007697916666666682
0 0.8592314814814814 0.39747916666666666 0.007111111111111275 0.004937500000000039
0 0.8574722222222222 0.4106875 0.013824074074074133 0.01005208333333325
0 0.7807129629629628 0.42293229166666657 0.012314814814814667 0.0058229166666667
0 0.8379166666666666 0.30473958333333334 0.01922222222222211 0.012401041666666668
0 0.7909722222222222 0.2931145833333333 0.013861111111111137 0.011026041666666675
0 0.7585740740740741 0.311625 0.015009259259259188 0.008708333333333318
0 0.581925925925926 0.22647916666666665 0.016324074074074227 0.004567708333333353
0 0.5063703703703704 0.24935416666666663 0.01685185185185184 0.010328125000000021
0 0.4918981481481481 0.2593802083333333 0.014740740740740756 0.006843749999999993
0 0.27475 0.645140625 0.018546296296296245 0.008255208333333286
0 0.37935185185185183 0.633171875 0.014296296296296399 0.008947916666666523
0 0.4941481481481481 0.6739635416666666 0.0158148148148148 0.009968749999999993
0 0.6668333333333333 0.3884114583333333 0.014074074074074064 0.005249999999999933
0 0.5452037037037037 0.4528333333333333 0.009999999999999905 0.007874999999999943
0 0.5219444444444444 0.42985937500000004 0.010120370370370483 0.006083333333333307
0 0.614361111111111 0.4538489583333333 0.009629629629629714 0.004213541666666565