0 0.16159722222222223 0.015200617283950618 0.009546440972222214 0.01608796296296296
0 0.19886067708333335 0.022052469135802468 0.008166232638888892 0.010162037037037037
0 0.1820703125 0.006859567901234568 0.008166232638888892 0.011018518518518521
0 0.16268880208333333 0.05222222222222223 0.00966145833333334 0.011612654320987658
0 0.1521657986111111 0.04843750000000001 0.004485677083333339 0.01140817901234568
0 0.17873480902777777 0.06362654320987654 0.01069661458333333 0.014178240740740734
0 0.2022265625 0.004344135802469136 0.007532552083333322 0.008688271604938272
0 0.23348090277777783 0.035304783950617286 0.0108116319444445 0.009062500000000008
0 0.25654296875000004 0.01919753086419753 0.00966145833333334 0.00690200617283951
0 0.25720269097222226 0.002044753086419753 0.0045421006944444285 0.004089506172839506
0 0.2789127604166667 0.0436766975308642 0.004715711805555589 0.013541666666666667
0 0.1714887152777778 0.09690586419753087 0.0036805555555555537 0.018368055555555558
0 0.1560177951388889 0.12706404320987658 0.0070160590277777764 0.01939043209876543
0 0.18296006944444446 0.1558912037037037 0.0036219618055555623 0.015300925925925905
0 0.17470920138888887 0.1925 0.007476128472222232 0.015108024691358048
0 0.15449435763888889 0.1956172839506173 0.005347222222222258 0.012554012345679016
0 0.16142361111111111 0.25015817901234566 0.009891493055555544 0.010200617283950603
0 0.18345052083333335 0.2568595679012346 0.011156684027777785 0.009895833333333333
0 0.18782118055555558 0.23706790123456792 0.006095920138888866 0.012646604938271603
0 0.30789496527777777 0.020590277777777777 0.004507378472222179 0.01026234567901235
0 0.26938368055555556 0.09291666666666668 0.008103298611111143 0.017534722222222222
0 0.3094552951388889 0.03787422839506173 0.003161892361111107 0.0070601851851851884
0 0.34623914930555555 0.07797067901234568 0.003470052083333286 0.009293981481481476
0 0.37644314236111115 0.060273919753086415 0.004062499999999946 0.014471450617283941
0 0.29254557291666666 0.1650270061728395 0.01351779513888891 0.025127314814814818
0 0.32825303819444446 0.1704128086419753 0.006885850694444429 0.017530864197530843
0 0.2657335069444445 0.14971450617283952 0.008862847222222215 0.014899691358024707
0 0.24918619791666669 0.2022530864197531 0.008289930555555537 0.02136188271604935
0 0.24893229166666667 0.2469868827160494 0.007779947916666608 0.017650462962962937
0 0.25078125 0.2657484567901235 0.006885850694444429 0.012160493827160461
0 0.26920789930555555 0.3087191358024692 0.004717881944444358 0.01528549382716046
0 0.25314019097222223 0.3074151234567901 0.005483940972222179 0.013356481481481414
0 0.17423394097222222 0.39376929012345685 0.010266927083333321 0.01320987654320981
0 0.1607465277777778 0.37330632716049383 0.007013888888888875 0.013198302469135746
0 0.18644314236111112 0.35862268518518514 0.004845920138888893 0.011712962962962889
0 0.20372395833333332 0.34359953703703705 0.006503906250000036 0.017712191358024713
0 0.23098307291666664 0.4076620370370371 0.010138888888888874 0.013437499999999937
0 0.22648654513888894 0.3797106481481482 0.004592013888888857 0.01307870370370381
0 0.19747395833333334 0.44626543209876546 0.01466579861111108 0.011520061728395111
0 0.1773263888888889 0.45924768518518516 0.008033854166666642 0.012322530864197587
0 0.18319227430555557 0.4585030864197531 0.005277777777777759 0.009799382716049364
0 0.20559678819444444 0.4817283950617285 0.005203993055555589 0.01565586419753089
0 0.21489366319444447 0.47115354938271603 0.006657986111111125 0.011431327160493904
0 0.21715711805555554 0.45641203703703703 0.004405381944444464 0.008406635802469174
0 0.22638237847222226 0.45658179012345684 0.003971354166666696 0.009675925925925968
0 0.1942795138888889 0.49565200617283955 0.006245659722222197 0.006319444444444539
0 0.18469184027777777 0.5089313271604939 0.0042122395833333656 0.007824074074074221
0 0.2191796875 0.5452083333333333 0.008836805555555572 0.012550154320987715
0 0.23154947916666666 0.548695987654321 0.0050607638888889635 0.015393518518518572
0 0.24348524305555558 0.5441512345679013 0.009659288194444482 0.012935956790123587
0 0.2353146701388889 0.5660146604938272 0.008860677083333357 0.009922839506172763
0 0.2454470486111111 0.6317862654320988 0.004865451388888875 0.018537808641975396
0 0.2518988715277778 0.634795524691358 0.005423177083333286 0.01371913580246908
0 0.26736762152777777 0.6149922839506172 0.008472222222222214 0.014394290123456699
0 0.27521050347222226 0.6091358024691359 0.00658420138888891 0.011118827160493873
0 0.2675 0.6636265432098765 0.013387586805555607 0.008796296296296349
0 0.26965494791666667 0.6549266975308642 0.006367187500000071 0.006728395061728381
0 0.27226996527777775 0.6740625 0.009127604166666626 0.007554012345678984
0 0.2993359375 0.6906597222222223 0.01430772569444443 0.010794753086419778
0 0.30409288194444445 0.662145061728395 0.010312500000000035 0.009537037037036889
0 0.32653428819444447 0.7126311728395063 0.011039496527777715 0.012384259259259286
0 0.34783854166666667 0.7280864197530865 0.008908420138888928 0.013680555555555429
0 0.33900390625000004 0.6973495370370371 0.005180121527777715 0.018229166666666668
0 0.32987630208333335 0.6835918209876543 0.0055186631944444285 0.014560185185185048
0 0.3366297743055556 0.6833564814814815 0.0072135416666665895 0.009178240740740761
0 0.3522222222222222 0.7102006172839506 0.004600694444444375 0.01440586419753092
0 0.36962890625 0.7235185185185184 0.0076497395833333036 0.012897376543209778
0 0.3716124131944445 0.7144135802469137 0.005034722222222144 0.009232253086419619
0 0.3623893229166667 0.7371219135802469 0.01157118055555557 0.009976851851851936
0 0.3873741319444445 0.7286844135802469 0.008958333333333356 0.010659722222222159
0 0.39597873263888894 0.7320601851851852 0.008836805555555483 0.012681327160493715
0 0.3280859375 0.6378819444444445 0.0068337673611110535 0.01402391975308635
0 0.31437717013888894 0.6167824074074074 0.006254340277777803 0.013503086419753016
0 0.30344184027777776 0.6072800925925926 0.0055078125000000535 0.012762345679012318
0 0.3110004340277778 0.5625501543209878 0.008697916666666661 0.010775462962962952
0 0.3216037326388889 0.5470871913580246 0.008200954861111142 0.012395833333333429
0 0.26499348958333335 0.5021064814814815 0.004446614583333286 0.016415895061728414
0 0.25653645833333333 0.5009760802469135 0.004685329861111143 0.015848765432098667
0 0.29379991319444443 0.47495756172839504 0.006154513888888946 0.019853395061728445
0 0.2810134548611111 0.40857253086419754 0.008854166666666696 0.016118827160493905
0 0.2878233506944444 0.3797067901234568 0.007465277777777768 0.013020833333333334
0 0.3140494791666667 0.29235725308641974 0.008218315972222178 0.008580246913580286
0 0.38407552083333335 0.6916126543209877 0.011868489583333374 0.012064043209876571
0 0.37780598958333333 0.6504861111111111 0.008517795138888928 0.013865740740740762
0 0.4033745659722222 0.6530941358024691 0.0031901041666666076 0.012280092592592634
0 0.4206987847222222 0.7028935185185186 0.011421440972222285 0.007403549382716
0 0.43562934027777783 0.7170717592592594 0.008741319444444428 0.005821759259259175
0 0.44218532986111114 0.7440393518518519 0.007113715277777821 0.008711419753086286
0 0.4606076388888889 0.7505941358024691 0.00529513888888875 0.01194830246913562
0 0.46183810763888894 0.6933564814814815 0.011239149305555607 0.008553240740740698
0 0.49125651041666674 0.7157986111111111 0.004503038194444464 0.011886574074074079
0 0.5197395833333334 0.6545486111111111 0.011401909722222214 0.008256172839506191
0 0.5079318576388889 0.6128125 0.00774956597222225 0.010196759259259143
0 0.4855946180555556 0.6111882716049384 0.008845486111111179 0.010844907407407492
0 0.3986783854166667 0.5754513888888889 0.008997395833333366 0.009776234567901238
0 0.5632486979166667 0.6660686728395062 0.009001736111111037 0.016273148148148033
0 0.5474978298611111 0.6829359567901234 0.004257812500000036 0.006543209876543206
0 0.5558289930555557 0.7266743827160493 0.006690538194444429 0.01378858024691346
0 0.5513585069444444 0.7481404320987655 0.006872829861111107 0.02472222222222216
0 0.5804904513888889 0.7412191358024691 0.008209635416666573 0.012172067901234603
0 0.5720681423611111 0.7174228395061729 0.00997395833333332 0.008695987654321079
0 0.6252235243055556 0.6990354938271606 0.006812065972222214 0.010844907407407492
0 0.6174088541666667 0.6826504629629631 0.002493489583333286 0.00726466049382708
0 0.5773719618055556 0.5376195987654321 0.007873263888888893 0.020219907407407332
0 0.6536501736111111 0.7203935185185186 0.012272135416666784 0.011381172839506033
0 0.6694596354166666 0.7285108024691359 0.006944444444444464 0.01596836419753092
0 0.6782161458333333 0.7236574074074075 0.00899739583333332 0.008587962962963047
0 0.6968880208333335 0.7193479938271605 0.005896267361111107 0.012237654320987683
0 0.6883051215277778 0.7006751543209877 0.007686631944444499 0.00828317901234562
0 0.6819943576388889 0.6999382716049383 0.0047612847222222145 0.013796296296296381
0 0.6677994791666666 0.7044444444444445 0.006768663194444358 0.009448302469135684
0 0.6740017361111111 0.6854166666666667 0.006069878472222357 0.009282407407407333
0 0.6737174479166667 0.6702700617283951 0.008385416666666678 0.011292438271604983
0 0.6659874131944444 0.6705015432098765 0.004804687500000071 0.011755401234567841
0 0.6337782118055555 0.6607600308641975 0.007905815972222285 0.008109567901234509
0 0.7262369791666667 0.654537037037037 0.006764322916666643 0.009297839506172858
0 0.7303103298611111 0.6120023148148148 0.008361545138888893 0.007276234567901301
0 0.7734244791666667 0.5858912037037037 0.010481770833333393 0.007407407407407302
0 0.7648155381944445 0.5747337962962963 0.004991319444444464 0.01229938271604946
0 0.7420421006944444 0.5645293209876543 0.00752821180555543 0.014822530864197523
0 0.7702647569444445 0.5587229938271605 0.005158420138888964 0.013410493827160508
0 0.7918728298611111 0.5381635802469137 0.005781250000000071 0.014444444444444413
0 0.7889822048611113 0.5127623456790124 0.005407986111111107 0.017330246913580222
0 0.3965581597222222 0.41853395061728393 0.010314670138888893 0.014371141975308572
0 0.4383268229166667 0.5021141975308642 0.004398871527777714 0.013267746913580127
0 0.44429687500000004 0.3789429012345679 0.006599392361111178 0.011311728395061652
0 0.45537326388888894 0.3688155864197531 0.007070312499999965 0.010335648148148064
0 0.6183723958333334 0.4147453703703704 0.005442708333333357 0.013634259259259334
0 0.6389539930555557 0.4101697530864198 0.006432291666666678 0.009058641975308666
0 0.7104166666666667 0.5055131172839507 0.005690104166666643 0.012577160493827143
0 0.7147460937500001 0.526929012345679 0.005245225694444499 0.012137345679012413
0 0.6751931423611112 0.5763155864197531 0.007074652777777857 0.006068672839506128
0 0.6196310763888889 0.7354938271604939 0.004615885416666821 0.006851851851851936
0 0.7087087673611111 0.4280864197530864 0.006139322916666678 0.011153549382716064
0 0.7497981770833334 0.4481635802469136 0.004615885416666821 0.009239969135802382
0 0.8203038194444445 0.5112114197530865 0.006901041666666785 0.015532407407407491
0 0.8186458333333334 0.5008564814814815 0.007886284722222215 0.0077276234567902535
0 0.7957725694444445 0.49054012345679016 0.00604817708333325 0.009560185185185333
0 0.8202604166666667 0.4623418209876544 0.007170138888888999 0.01434027777777784
0 0.8107595486111112 0.46799768518518514 0.006990017361111001 0.01290509259259254
0 0.8219401041666667 0.4489969135802469 0.0071245659722222856 0.010277777777777747
0 0.804240451388889 0.4403973765432099 0.0045247395833335705 0.012187500000000127
0 0.8338151041666666 0.43927854938271604 0.005601128472222427 0.012187500000000127
0 0.8179296875000001 0.4180516975308642 0.00663194444444457 0.013063271604938285
0 0.8277430555555556 0.4076967592592593 0.007975260416666786 0.009239969135802382
0 0.84154296875 0.4063001543209877 0.0054665798611111425 0.013144290123456888
0 0.8476150173611112 0.3785802469135803 0.0061393229166665005 0.00788580246913584
0 0.7692230902777778 0.36073688271604937 0.005466579861110965 0.014101080246913531
0 0.8299978298611113 0.35210262345679005 0.006009114583333286 0.011442901234567928
0 0.8172309027777779 0.31214506172839507 0.005364583333333428 0.01392361111111108
0 0.656349826388889 0.37689814814814815 0.005470920138888858 0.019837962962962922
0 0.6326388888888889 0.2979320987654321 0.007402343749999929 0.010682870370370365
0 0.8166189236111112 0.2908101851851852 0.004874131944444571 0.013645833333333317
0 0.7668142361111111 0.2756442901234568 0.00773654513888875 0.009313271604938302
0 0.7501822916666667 0.2679012345679012 0.003960503472222143 0.010289351851851888
0 0.856796875 0.23719521604938268 0.009442274305555642 0.009529320987654365
0 0.8091254340277778 0.2070871913580247 0.005726996527777928 0.01429783950617281
0 0.8516210937500001 0.18413194444444442 0.0057291666666664295 0.013013117283950631
0 0.8554275173611112 0.1685570987654321 0.005813802083333286 0.015019290123456762
0 0.8459331597222223 0.16606481481481483 0.006482204861110929 0.0156867283950617
0 0.8280338541666667 0.15911265432098767 0.005896267361111285 0.012789351851851826
0 0.8547157118055557 0.14911265432098766 0.005562065972222285 0.00706404320987654
0 0.8560546875 0.13494984567901236 0.009075520833333428 0.024537037037037062
0 0.8621614583333335 0.13491126543209878 0.005646701388889142 0.01420138888888892
0 0.8354144965277779 0.13454089506172842 0.00794704861111093 0.013904320987654293
0 0.8589605034722222 0.11108024691358026 0.008363715277777928 0.011597222222222214
0 0.8258398437500001 0.07863040123456791 0.006634114583333428 0.010470679012345682
0 0.8401671006944443 0.05434027777777778 0.006315104166666785 0.01660493827160495
0 0.8262651909722223 0.0035841049382716044 0.005996093750000142 0.007168209876543209
0 0.7894900173611111 0.027546296296296298 0.006102430555555571 0.008680555555555556
0 0.76537109375 0.051130401234567906 0.005412326388888822 0.009432870370370357
0 0.7318598090277778 0.0136304012345679 0.003980034722222215 0.013680555555555562
0 0.6793250868055556 0.019575617283950617 0.00822482638888875 0.009718364197530862
0 0.6623177083333334 0.09278163580246913 0.006260850694444464 0.01650848765432099
0 0.7510438368055555 0.11311342592592592 0.006686197916666714 0.013016975308641992
0 0.6758485243055555 0.18169753086419754 0.006792534722222321 0.012831790123456779
0 0.7245095486111112 0.1933487654320988 0.005625000000000035 0.014621913580246905
0 0.7434548611111111 0.21306712962962962 0.0048828125 0.015567129629629603
0 0.7587369791666667 0.19518904320987657 0.007217881944444571 0.011130401234567936
0 0.4762673611111111 0.23957561728395066 0.005607638888889 0.01712191358024692
0 0.5066210937500001 0.18084876543209877 0.005850694444444393 0.020154320987654333
0 0.5009505208333334 0.12255401234567902 0.006234809027777644 0.0043479938271605
0 0.42285807291666666 0.10831404320987655 0.005366753472222286 0.014591049382716055
0 0.6052278645833333 0.006921296296296298 0.0065212673611110715 0.013842592592592596
0 0.23320529513888885 0.3301350308641976 0.004667968750000018 0.015354938271604921