0 0.5271018518518519 0.292875 0.01877777777777775 0.007671875000000039
0 0.4623796296296296 0.273921875 0.010472222222222171 0.007984374999999932
0 0.36460185185185184 0.30385416666666665 0.012462962962962997 0.005796875000000057
0 0.3242962962962963 0.3205989583333333 0.008222222222222244 0.0052760416666667535
0 0.24008333333333334 0.4026666666666666 0.010685185185185178 0.008135416666666595
0 0.24585185185185182 0.4179375 0.016249999999999983 0.006442708333333336
0 0.17010185185185184 0.40138541666666666 0.014398148148148158 0.008453124999999995
0 0.22026851851851847 0.4444739583333333 0.01325925925925928 0.009015624999999972
0 0.10703703703703703 0.4840364583333333 0.013111111111111108 0.010692708333333379
0 0.13778703703703704 0.5257395833333333 0.011694444444444427 0.007375000000000043
0 0.14425 0.5316979166666667 0.012425925925925953 0.007781250000000029
0 0.13157407407407407 0.5820677083333333 0.00803703703703703 0.005723958333333279
0 0.16898148148148145 0.5809739583333333 0.012666666666666673 0.0060000000000000496
0 0.1602685185185185 0.5940937500000001 0.0076759259259259315 0.005510416666666629
0 0.14278703703703705 0.6056354166666666 0.01583333333333334 0.008177083333333179
0 0.13730555555555554 0.6256145833333333 0.01364814814814817 0.007703124999999922
0 0.21843518518518515 0.6861979166666666 0.012185185185185235 0.007578125000000035
0 0.3444074074074074 0.7671666666666667 0.009749999999999974 0.007505208333333258
0 0.3953333333333333 0.7694947916666667 0.012185185185185157 0.008052083333333293
0 0.5180185185185185 0.796046875 0.016814814814814838 0.008255208333333286
0 0.6056111111111111 0.7760468749999999 0.011694444444444545 0.006348958333333421
0 0.7049629629629629 0.7893281249999999 0.015231481481481445 0.007427083333333506
0 0.7515648148148149 0.77984375 0.014129629629629726 0.006135416666666771
0 0.8057129629629628 0.761828125 0.01644444444444433 0.007109375000000107
0 0.9192037037037036 0.71025 0.014620370370370337 0.009218749999999965
0 0.9618981481481481 0.6584843749999999 0.015962962962962655 0.00806249999999995
0 0.9663518518518518 0.5943020833333332 0.010962962962963098 0.0059322916666666005
0 0.9075648148148148 0.4654270833333333 0.012546296296296253 0.006401041666666707
0 0.9037314814814814 0.4165052083333333 0.0143796296296295 0.010114583333333371
0 0.9409444444444445 0.39186979166666663 0.013518518518518539 0.009364583333333343
0 0.8398888888888889 0.36191666666666666 0.013888888888888888 0.007843749999999972
0 0.879361111111111 0.3474947916666667 0.010962962962962782 0.006552083333333325
0 0.7010648148148148 0.2925 0.01620370370370365 0.007166666666666632
0 0.6615925925925925 0.26923437499999997 0.012546296296296253 0.007505208333333346
0 0.44099074074074074 0.32342708333333337 0.013962962962963054 0.00703125
0 0.4539074074074074 0.35620312499999995 0.018851851851851918 0.011328125
0 0.4294722222222222 0.3966510416666667 0.013962962962963054 0.006817708333333306
0 0.6616666666666666 0.4474947916666666 0.01326851851851845 0.008942708333333372
0 0.7035 0.4833125 0.015648148148148206 0.007973958333333364
0 0.656148148148148 0.6475364583333333 0.013129629629629689 0.009697916666666551
0 0.5466203703703704 0.6042916666666667 0.011175925925925867 0.005239583333333364
0 0.429787037037037 0.69421875 0.01632407407407407 0.009921875000000035
0 0.44628703703703704 0.6553697916666665 0.016685185185185167 0.00933333333333337
0 0.4901944444444444 0.4382395833333333 0.011101851851851861 0.006114583333333279
0 0.960972222222222 0.6902395833333334 0.00901851851851821 0.007583333333333364
0 0.6634629629629629 0.7270208333333333 0.011620370370370382 0.005598958333333392