0 0.1976574074074074 0.6589895833333334 0.012666666666666673 0.006953124999999893
0 0.24198148148148144 0.6509635416666666 0.01159259259259255 0.004635416666666714
0 0.28096296296296297 0.6211822916666667 0.01083333333333335 0.005151041666666601
0 0.17019444444444443 0.6124270833333332 0.012055555555555526 0.004463541666666693
0 0.1698148148148148 0.6163333333333332 0.006407407407407422 0.005578125000000078
0 0.11778703703703702 0.6154322916666667 0.009157407407407408 0.0056666666666666645
0 0.3034722222222222 0.5911458333333333 0.007629629629629638 0.0061770833333334
0 0.3248240740740741 0.568359375 0.009462962962962961 0.004890624999999993
0 0.2536574074074074 0.56175 0.008083333333333324 0.003177083333333286
0 0.20965740740740738 0.5506458333333333 0.008129629629629579 0.004182291666666771
0 0.0993425925925926 0.5676979166666667 0.006879629629629649 0.006244791666666494
0 0.07208333333333332 0.5498854166666666 0.010009259259259254 0.005088541666666657
0 0.1398796296296296 0.5485260416666666 0.007361111111111087 0.004276041666666686
0 0.1295648148148148 0.5292239583333334 0.004824074074074068 0.003666666666666707
0 0.13849074074074072 0.52009375 0.008203703703703703 0.006041666666666679
0 0.09584259259259259 0.5207083333333333 0.010249999999999993 0.005088541666666657
0 0.09494444444444444 0.5039427083333333 0.010370370370370374 0.0053593749999999215
0 0.1105648148148148 0.4805 0.006148148148148122 0.00529166666666665
0 0.058388888888888886 0.48090625 0.007240740740740728 0.00529166666666665
0 0.06496296296296296 0.47015104166666666 0.007361111111111107 0.0034583333333333853
0 0.11683333333333334 0.4746979166666666 0.003981481481481492 0.0037343749999999786
0 0.13547222222222222 0.46818229166666664 0.006999999999999989 0.003052083333333222
0 0.12661111111111112 0.4353072916666666 0.00880555555555556 0.004208333333333236
0 0.10103703703703704 0.4447708333333333 0.007361111111111087 0.005223958333333378
0 0.0845648148148148 0.43330729166666665 0.00892592592592593 0.004953124999999936
0 0.048916666666666664 0.45078125 0.008324074074074064 0.0066510416666666575
0 0.05114814814814815 0.44090624999999994 0.008203703703703703 0.005901041666666629
0 0.1319722222222222 0.4065 0.010620370370370382 0.0038697916666666997
0 0.10899074074074074 0.40996354166666665 0.008083333333333324 0.004005208333333421
0 0.2797592592592592 0.43866666666666665 0.012787037037037013 0.004953124999999936
0 0.2911574074074074 0.4057864583333333 0.008805555555555521 0.005156250000000107
0 0.2240185185185185 0.3856354166666666 0.010861111111111101 0.00447916666666659
0 0.19277777777777774 0.38034375 0.005787037037037064 0.005291666666666739
0 0.15194444444444444 0.3594427083333333 0.006879629629629649 0.006380208333333304
0 0.21925925925925926 0.35764583333333333 0.008564814814814841 0.0037343750000000675
0 0.21744444444444444 0.3440364583333333 0.010249999999999993 0.005697916666666724
0 0.17244444444444443 0.3452239583333333 0.009527777777777796 0.004546875000000039
0 0.19748148148148148 0.33341666666666664 0.009407407407407456 0.0030520833333333107
0 0.1895185185185185 0.3315885416666666 0.009407407407407456 0.004005208333333332
0 0.27662037037037035 0.3335885416666667 0.010861111111111101 0.004343749999999957
0 0.28300925925925924 0.32341145833333335 0.008203703703703743 0.005973958333333318
0 0.30200925925925926 0.31479166666666664 0.0112222222222222 0.003666666666666618
0 0.30339814814814814 0.30932812499999995 0.005546296296296304 0.0038697916666666997
0 0.27456481481481476 0.3005416666666666 0.007722222222222226 0.0033906250000000247
0 0.3213148148148148 0.291921875 0.009527777777777718 0.004072916666666604
0 0.36420370370370364 0.329484375 0.009407407407407378 0.005630208333333275
0 0.36112037037037037 0.344921875 0.01122222222222224 0.005020833333333386
0 0.3354907407407407 0.34312499999999996 0.0074814814814815455 0.0065833333333333854
0 0.32299999999999995 0.33464062499999997 0.010009259259259235 0.005494791666666643
0 0.3026759259259259 0.27753645833333335 0.00892592592592594 0.004885416666666753
0 0.35050000000000003 0.28492187499999994 0.006814814814814853 0.005770833333333325
0 0.35400925925925925 0.2911458333333333 0.009648148148148097 0.003645833333333304
0 0.3592407407407407 0.30046874999999995 0.010259259259259284 0.004062499999999946
0 0.3741574074074074 0.2929322916666666 0.010129629629629733 0.0061510416666666675
0 0.3893055555555555 0.2854322916666666 0.006138888888888832 0.006036458333333261
0 0.3352777777777778 0.26874479166666665 0.007962962962962984 0.004406249999999989
0 0.35883333333333334 0.27225520833333333 0.00701851851851857 0.003380208333333368
0 0.3685555555555556 0.27351041666666664 0.009175925925925948 0.0030000000000000248
0 0.3642685185185185 0.26703645833333334 0.010324074074074001 0.0046302083333333854
0 0.41925 0.26367708333333334 0.00904629629629628 0.0047447916666667036
0 0.43777777777777777 0.26969270833333325 0.010999999999999944 0.0055416666666666895
0 0.4846203703703703 0.261984375 0.00816666666666666 0.005317708333333382
0 0.4753055555555556 0.25684375 0.003712962962962902 0.003984375000000017
0 0.48350925925925925 0.2503489583333333 0.01120370370370362 0.003911458333333328
0 0.5629907407407407 0.2590989583333333 0.010324074074074159 0.004708333333333314
0 0.6080092592592592 0.276546875 0.007361111111111206 0.004213541666666654
0 0.614287037037037 0.2774583333333333 0.008842592592592603 0.004973958333333339
0 0.619824074074074 0.28307812499999996 0.009925925925925899 0.0052760416666667535
0 0.6729166666666667 0.3088020833333333 0.010398148148148165 0.004937500000000039
0 0.655324074074074 0.3179895833333333 0.009518518518518546 0.0046302083333333854
0 0.6345 0.32396874999999997 0.007018518518518451 0.006114583333333368
0 0.5614351851851852 0.3116302083333333 0.009787037037036978 0.0052760416666667535
0 0.553398148148148 0.29359375 0.008435185185185093 0.00489583333333341
0 0.5225555555555556 0.30739583333333337 0.008574074074074014 0.006229166666666686
0 0.529037037037037 0.31106249999999996 0.008435185185185093 0.00444270833333329
0 0.4389166666666666 0.2984114583333334 0.010759259259259264 0.004375000000000018
0 0.47187962962962965 0.330921875 0.009787037037036978 0.004484374999999918
0 0.46494444444444444 0.34834895833333335 0.006805555555555524 0.005796875000000057
0 0.46475 0.355078125 0.0069351851851851935 0.0055416666666666895
0 0.4773981481481482 0.39961458333333333 0.007629629629629638 0.008020833333333366
0 0.4005092592592593 0.38947916666666665 0.00995370370370365 0.007651041666666724
0 0.38149999999999995 0.370328125 0.008175925925925911 0.003916666666666657
0 0.2971388888888889 0.5372708333333333 0.010796296296296267 0.0039010416666664938
0 0.30694444444444446 0.5452916666666667 0.009805555555555559 0.0076875000000001135
0 0.40265740740740735 0.5225052083333332 0.0071296296296296195 0.005124999999999958
0 0.3603518518518518 0.48473958333333333 0.007925925925925822 0.007854166666666629
0 0.4359722222222222 0.44131770833333334 0.008314814814814832 0.004619791666666551
0 0.5141111111111111 0.46920312499999994 0.008212962962962915 0.0064375000000000075
0 0.5148148148148147 0.43630208333333337 0.005296296296296374 0.004557291666666607
0 0.7208240740740741 0.32478645833333336 0.010305555555555656 0.005833333333333357
0 0.7091111111111111 0.32845312499999996 0.014416666666666661 0.003265624999999961
0 0.6325555555555554 0.3502916666666666 0.007046296296296203 0.0026041666666666964
0 0.6939444444444445 0.351078125 0.005611111111111061 0.004182291666666682
0 0.7138148148148147 0.3432604166666666 0.00749999999999989 0.004109375000000082
0 0.7491666666666666 0.3496666666666667 0.008212962962962757 0.004041666666666633
0 0.7942222222222222 0.36496874999999995 0.006611111111111099 0.0046718750000000146
0 0.6822222222222222 0.38671354166666666 0.006768518518518521 0.0047499999999999435
0 0.7896759259259258 0.40060416666666665 0.011018518518518603 0.005885416666666643
0 0.8752407407407407 0.40651562499999994 0.01168518518518498 0.006197916666666714
0 0.8339629629629629 0.4253541666666666 0.00878703703703694 0.00607291666666665
0 0.7772129629629628 0.41840625 0.0070092592592592 0.00369270833333335
0 0.7581388888888887 0.4399374999999999 0.010231481481481335 0.005442708333333357
0 0.7766574074074073 0.4364947916666667 0.01212962962962965 0.005567708333333421
0 0.6997777777777777 0.43899999999999995 0.007898148148148071 0.005192708333333407
0 0.6744907407407408 0.47368229166666664 0.009166666666666698 0.005109374999999972
0 0.7656018518518519 0.49668229166666666 0.00889814814814795 0.006270833333333314
0 0.8251388888888888 0.4663802083333334 0.009185185185185359 0.007536458333333407
0 0.8413981481481481 0.46775 0.008712962962962933 0.006484374999999964
0 0.8473425925925925 0.47028125000000004 0.007870370370370475 0.005953125000000092
0 0.8792407407407407 0.4474322916666667 0.010583333333333498 0.005479166666666657
0 0.9154537037037037 0.4392135416666666 0.007305555555555543 0.005901041666666629
0 0.8941388888888888 0.43001562499999996 0.00889814814814795 0.006270833333333314
0 0.9284629629629629 0.450359375 0.007175925925926031 0.005250000000000021
0 0.9227129629629628 0.4534375 0.007055555555555455 0.0044843750000000075
0 0.8986296296296297 0.48543229166666657 0.009000000000000025 0.005958333333333421
0 0.9229999999999999 0.4861979166666666 0.014009259259259466 0.005187500000000078
0 0.9355277777777776 0.4878020833333333 0.008083333333333245 0.005828125000000029
0 0.9784537037037038 0.5015416666666667 0.010592592592592749 0.005380208333333236
0 0.9704259259259258 0.5000989583333333 0.004101851851851595 0.0032656250000000497
0 0.897787037037037 0.5047135416666666 0.007601851851851886 0.004770833333333435
0 0.9285833333333332 0.5013124999999999 0.010000000000000063 0.003916666666666657
0 0.9246666666666666 0.5114375 0.010481481481481423 0.006343750000000092
0 0.9477129629629628 0.5140729166666667 0.008240740740740824 0.006208333333333371
0 0.9766666666666666 0.5145677083333333 0.009842592592592798 0.005760416666666579
0 0.9695925925925926 0.5273020833333333 0.008796296296296191 0.004588541666666579
0 0.9758333333333333 0.5333333333333333 0.008481481481481347 0.005671874999999993
0 0.960787037037037 0.5334895833333333 0.005916666666666654 0.004906249999999978
0 0.993712962962963 0.5456197916666665 0.007759259259259466 0.004499999999999993
0 0.8639444444444444 0.5201041666666667 0.010000000000000063 0.004770833333333435
0 0.8963888888888889 0.5379010416666666 0.010240740740740585 0.005625000000000035
0 0.923148148148148 0.5469479166666666 0.010000000000000063 0.006255208333333507
0 0.9513518518518519 0.5515833333333333 0.0075185185185183126 0.0038229166666667426
0 0.934787037037037 0.56746875 0.008962962962963021 0.006255208333333507
0 0.9789074074074073 0.56184375 0.008240740740740824 0.007067708333333478
0 0.9477500000000002 0.5863697916666666 0.008638888888888927 0.008057291666666622
0 0.980074074074074 0.5836718750000001 0.004796296296296039 0.004453125000000035
0 0.954472222222222 0.599375 0.009277777777777866 0.007067708333333478
0 0.9441481481481481 0.60428125 0.008481481481481663 0.005807291666666714
0 0.9324259259259258 0.5991510416666666 0.004564814814814768 0.007067708333333478
0 0.9234259259259258 0.6054270833333334 0.009601851851851646 0.007109375000000107
0 0.884787037037037 0.6206614583333334 0.008481481481481663 0.005447916666666686
0 0.953074074074074 0.6309895833333333 0.007759259259259466 0.005848958333333343
0 0.8954259259259258 0.6394739583333333 0.007999999999999988 0.007333333333333236
0 0.8783796296296296 0.641046875 0.009444444444444382 0.0067031249999999435
0 0.8711851851851852 0.635828125 0.004638888888888775 0.003463541666666714
0 0.8371388888888889 0.6397916666666668 0.006962962962962946 0.005354166666666771
0 0.8114166666666667 0.637203125 0.008638888888888927 0.00639062500000005
0 0.8263796296296296 0.6263541666666665 0.014879629629629677 0.005578125000000078
0 0.7903333333333333 0.6517395833333333 0.009685185185185219 0.004140624999999965
0 0.885787037037037 0.6750729166666667 0.005675925925926132 0.004276041666666686
0 0.8635833333333333 0.6808541666666666 0.009601851851851646 0.005312499999999965
0 0.8689444444444444 0.6906874999999999 0.010083333333333321 0.005895833333333478
0 0.8772685185185185 0.6951458333333334 0.012000000000000139 0.0048177083333333925
0 0.8352222222222221 0.7058541666666667 0.00920370370370386 0.0038229166666667426
0 0.833537037037037 0.7143124999999999 0.0128796296296296 0.0047239583333334775
0 0.8568611111111111 0.7132343750000001 0.008962962962963021 0.0031041666666666856
0 0.8075 0.734734375 0.01340740740740753 0.004848958333333364
0 0.781425925925926 0.7370989583333334 0.008092592592592495 0.0067031249999999435
0 0.6829722222222222 0.7298541666666666 0.008731481481481593 0.006583333333333208
0 0.671111111111111 0.73290625 0.009685185185185219 0.003114583333333343
0 0.6431203703703704 0.7571822916666666 0.012027777777777733 0.006406250000000035
0 0.6566296296296296 0.768046875 0.01011111111111123 0.005864583333333506
0 0.6850555555555555 0.7683489583333334 0.006916666666666692 0.005510416666666629
0 0.6856388888888888 0.7745677083333333 0.008379629629629588 0.002687499999999865
0 0.6058981481481481 0.784078125 0.009675925925925968 0.00544270833333318
0 0.5957962962962964 0.7902760416666667 0.00871296296296309 0.0061041666666666215
0 0.6116111111111111 0.7906875 0.014629629629629588 0.005552083333333258
0 0.5113703703703703 0.7953541666666666 0.010925925925925936 0.004979166666666579
0 0.5062962962962962 0.7853333333333332 0.011583333333333378 0.005109374999999972
0 0.49997222222222226 0.7820104166666667 0.0061759259259259935 0.005145833333333449
0 0.49175 0.7870520833333334 0.010388888888888914 0.0064114583333333645
0 0.44952777777777775 0.7705208333333333 0.010268518518518495 0.005942708333333257
0 0.4395833333333333 0.7588958333333332 0.007240740740740787 0.0023385416666664937
0 0.42661111111111105 0.757375 0.008138888888888907 0.0068489583333333215
0 0.36428703703703696 0.7284322916666666 0.009620370370370305 0.003807291666666579
0 0.43524999999999997 0.7256458333333333 0.007361111111111206 0.0037760416666666073
0 0.31937037037037036 0.7234583333333333 0.010666666666666677 0.00432291666666682
0 0.2876944444444444 0.7328125 0.006870370370370359 0.005791666666666551
0 0.30525 0.7056302083333332 0.00829629629629633 0.004703125000000164
0 0.26084259259259257 0.7060312499999999 0.0065462962962963426 0.002588541666666622
0 0.29138888888888886 0.683421875 0.006222222222222248 0.002697916666666522
0 0.49441666666666667 0.6864114583333334 0.010407407407407416 0.0033072916666666784
0 0.5638148148148148 0.6511979166666666 0.011379629629629543 0.00681770833333335
0 0.7395833333333334 0.6385624999999999 0.007462962962962807 0.006473958333333307
0 0.7673703703703704 0.6477135416666666 0.005750000000000139 0.005177083333333421
0 0.7490833333333332 0.6527447916666667 0.0061111111111109215 0.003276041666666707
0 0.5828518518518518 0.6180625 0.01086111111111118 0.00627604166666682
0 0.5756574074074075 0.6054895833333334 0.007435185185185212 0.005338541666666608
0 0.8460833333333333 0.5959687499999999 0.010490740740740674 0.006255208333333507
0 0.811611111111111 0.5889791666666666 0.008333333333333333 0.005604166666666721
0 0.7252037037037037 0.5768906250000001 0.008509259259259414 0.005958333333333421
0 0.7666759259259259 0.5439322916666666 0.008648148148148177 0.00560937500000005
0 0.7226203703703703 0.5408385416666667 0.005574074074074057 0.004588541666666579
0 0.7672407407407407 0.5285833333333333 0.008648148148148177 0.005177083333333421
0 0.7503333333333333 0.52909375 0.010111111111111072 0.004786458333333421
0 0.7241944444444444 0.525640625 0.007601851851851886 0.006354166666666749
0 0.6749074074074073 0.5223854166666666 0.0067592592592592695 0.005802083333333386
0 0.5981666666666666 0.5576770833333333 0.011435185185185048 0.004239583333333208
0 0.5900462962962962 0.5380677083333333 0.009722222222222222 0.0061302083333332645
0 0.6743703703703704 0.5094947916666667 0.006907407407407441 0.005479166666666657
0 0.7084999999999998 0.5085 0.010435185185185089 0.005046875000000029