0 0.3784722222222222 0.15859895833333332 0.01774074074074071 0.005421874999999998
0 0.366787037037037 0.17925520833333333 0.013981481481481555 0.005473958333333329
0 0.30821296296296297 0.18364062499999997 0.01718518518518511 0.007093749999999987
0 0.3768518518518518 0.18941666666666665 0.015111111111111105 0.005109374999999972
0 0.3573518518518518 0.19453125 0.015120370370370395 0.006796874999999991
0 0.4120277777777777 0.17892708333333335 0.008851851851851854 0.0028229166666666307
0 0.41052777777777777 0.19832812500000002 0.00945370370370379 0.006265624999999986
0 0.4830833333333333 0.179875 0.0179907407407408 0.008786458333333335
0 0.5240648148148148 0.19109374999999998 0.009592592592592552 0.004927083333333337
0 0.5334351851851852 0.20216666666666666 0.010759259259259106 0.005822916666666633
0 0.5590555555555555 0.2215208333333333 0.012796296296296184 0.008942708333333282
0 0.6284166666666667 0.187953125 0.009175925925925948 0.0055572916666666305
0 0.6189722222222221 0.19701041666666666 0.01225925925925932 0.00686979166666668
0 0.6409351851851852 0.21117187499999995 0.008731481481481593 0.0045572916666666964
0 0.6743888888888889 0.20606770833333332 0.007981481481481327 0.00422916666666664
0 0.7003703703703703 0.1700833333333333 0.01337962962962962 0.007380208333333327
0 0.7412129629629629 0.17547395833333335 0.014240740740740736 0.00680208333333332
0 0.7147314814814814 0.1858125 0.010472222222222171 0.006229166666666686
0 0.7694166666666666 0.20047395833333334 0.009148148148148355 0.005401041666666662
0 0.7630555555555555 0.2138958333333333 0.013101851851851936 0.009510416666666632
0 0.8043333333333332 0.20706249999999998 0.013083333333333435 0.006713541666666689
0 0.9041388888888889 0.2591614583333333 0.008055555555555493 0.00454166666666671
0 0.8593518518518519 0.29942708333333334 0.01465740740740734 0.007755208333333386
0 0.81375 0.29703645833333325 0.005500000000000051 0.00447916666666659
0 0.8526296296296296 0.30825 0.01466666666666659 0.005729166666666697
0 0.924675925925926 0.30749479166666666 0.012157407407407403 0.007244791666666739
0 0.9326759259259259 0.35978645833333334 0.014351851851851746 0.007614583333333247
0 0.9509722222222221 0.40525 0.01643518518518508 0.010520833333333358
0 0.9314814814814815 0.41171875 0.00943518518518513 0.0035781249999999433
0 0.911861111111111 0.434359375 0.0088888888888887 0.004375000000000106
0 0.9841388888888888 0.46590104166666657 0.012935185185185105 0.004984374999999907
0 0.9519537037037035 0.4959635416666666 0.012527777777777752 0.006421875000000021
0 0.8786388888888887 0.4761666666666667 0.013120370370370438 0.007531250000000078
0 0.9435555555555554 0.5603697916666667 0.014222222222222235 0.005088541666666657
0 0.9391388888888889 0.5723958333333333 0.011277777777777942 0.005947916666666764
0 0.912 0.6334114583333333 0.010851851851851772 0.005406250000000057
0 0.8377685185185184 0.6486302083333333 0.014675925925925842 0.008390625000000007
0 0.8100740740740741 0.695921875 0.013990740740740647 0.008473958333333264
0 0.7990740740740739 0.7030208333333332 0.009648148148148215 0.004057291666666707
0 0.6448425925925926 0.6703177083333334 0.016759259259259175 0.00841666666666665
0 0.6145092592592591 0.6150260416666666 0.01631481481481466 0.005630208333333364
0 0.4799537037037037 0.7197031249999999 0.01821296296296298 0.01018229166666682
0 0.4431018518518518 0.638109375 0.01978703703703704 0.008421874999999978
0 0.34476851851851853 0.7433177083333333 0.010638888888888923 0.005828125000000029
0 0.26528703703703704 0.7351093750000001 0.02003703703703705 0.006859374999999978
0 0.33712962962962967 0.687828125 0.010416666666666666 0.0049479166666666075
0 0.23415740740740737 0.705015625 0.01389814814814814 0.005447916666666686
0 0.31774074074074077 0.6303385416666666 0.012712962962963006 0.0069947916666665225
0 0.23448148148148146 0.6224375 0.015907407407407387 0.007359375000000057
0 0.17516666666666666 0.673765625 0.010879629629629623 0.0068489583333333215
0 0.15827777777777777 0.6301354166666666 0.012703703703703715 0.008124999999999893
0 0.14608333333333334 0.6005 0.014305555555555531 0.0089114583333334
0 0.1915740740740741 0.5668802083333333 0.013592592592592625 0.009427083333333286
0 0.15143518518518517 0.5536666666666666 0.018175925925925936 0.010718750000000022
0 0.10388888888888889 0.5394322916666667 0.017518518518518492 0.00841666666666665
0 0.07458333333333332 0.5448802083333334 0.012296296296296303 0.004692708333333506
0 0.15987037037037036 0.4279322916666667 0.0131388888888889 0.00639062500000005
0 0.3528425925925926 0.4882239583333333 0.013101851851851858 0.006864583333333308
0 0.35888888888888887 0.41277083333333325 0.015611111111111124 0.010713541666666692
0 0.28111111111111114 0.3582447916666667 0.02156481481481478 0.010218749999999943
0 0.14254629629629628 0.38415625000000003 0.01682407407407409 0.007375000000000043
0 0.06408333333333333 0.389921875 0.02003703703703705 0.008895833333333325
0 0.0711574074074074 0.350859375 0.020490740740740736 0.007000000000000029
0 0.2803888888888889 0.30510937499999996 0.01875925925925925 0.008661458333333361
0 0.18107407407407408 0.3070364583333333 0.018592592592592577 0.009427083333333286
0 0.1453796296296296 0.3021614583333333 0.017009259259259262 0.007380208333333371
0 0.10717592592592591 0.2797135416666666 0.01862962962962962 0.008677083333333346
0 0.13330555555555554 0.26284375 0.012018518518518522 0.006505208333333368
0 0.19112037037037036 0.2742604166666667 0.016777777777777756 0.007781250000000029
0 0.1408333333333333 0.2403802083333333 0.010648148148148136 0.007005208333333357
0 0.19213888888888886 0.23775 0.01199074074074073 0.010213541666666704
0 0.2261203703703704 0.23697916666666666 0.019722222222222207 0.007135416666666661
0 0.2232685185185185 0.211328125 0.01812962962962964 0.008182291666666685
0 0.32840740740740737 0.21857291666666664 0.01761111111111112 0.00958854166666665
0 0.6746296296296297 0.24025 0.019333333333333435 0.007671875000000039
0 0.6762962962962962 0.258796875 0.01696296296296285 0.007927083333333317
0 0.6316851851851852 0.31206249999999996 0.013185185185185194 0.006322916666666689
0 0.6772407407407407 0.3336770833333333 0.016009259259259227 0.007911458333333333
0 0.7629074074074074 0.4414166666666667 0.017898148148147976 0.007932291666666735
0 0.781888888888889 0.48111979166666663 0.015990740740740726 0.008041666666666636
0 0.7681296296296296 0.48558854166666665 0.01979629629629629 0.009776041666666657