0 0.2935277777777777 0.2501770833333333 0.026481481481481477 0.015213541666666686
0 0.18276851851851847 0.27776562499999996 0.01019444444444443 0.007541666666666646
0 0.24564814814814817 0.3218177083333333 0.016546296296296326 0.0078489583333333
0 0.3145185185185185 0.31588541666666664 0.01187037037037039 0.008124999999999983
0 0.0531111111111111 0.358671875 0.015583333333333331 0.008729166666666632
0 0.07307407407407407 0.36561458333333335 0.01594444444444445 0.009666666666666667
0 0.03716666666666667 0.376671875 0.015342592592592593 0.009119791666666632
0 0.020259259259259258 0.5368802083333333 0.015342592592592593 0.009885416666666735
0 0.07787037037037037 0.6007031249999999 0.014750000000000006 0.011296875000000029
0 0.02673148148148148 0.6188385416666666 0.015342592592592593 0.010343750000000007
0 0.08080555555555555 0.6179635416666667 0.012703703703703696 0.008588541666666494
0 0.11221296296296294 0.6219374999999999 0.010787037037037055 0.00845312499999995
0 0.07924074074074074 0.6554270833333333 0.01390740740740741 0.007859375000000135
0 0.1834259259259259 0.6386770833333333 0.013666666666666652 0.007937499999999886
0 0.1617222222222222 0.712984375 0.01630555555555557 0.00806770833333328
0 0.19541666666666666 0.7166927083333332 0.01606481481481481 0.009817708333333286
0 0.3408333333333333 0.763453125 0.015583333333333371 0.007437500000000164
0 0.4131296296296296 0.7812239583333334 0.012703703703703677 0.006161458333333236
0 0.4715092592592593 0.7657239583333333 0.015101851851851854 0.008338541666666721
0 0.627962962962963 0.7692291666666666 0.01150925925925937 0.008874999999999921
0 0.8132499999999999 0.6801406249999999 0.011629629629629474 0.007520833333333421
0 0.9119722222222221 0.6329427083333333 0.014148148148148227 0.007802083333333343
0 0.9307962962962962 0.6099479166666666 0.015101851851851696 0.007130208333333421
0 0.9480555555555555 0.5744062499999999 0.014388888888889066 0.006041666666666679
0 0.9049629629629629 0.4991093749999999 0.012351851851851671 0.008802083333333321
0 0.89225 0.41427604166666665 0.01642592592592583 0.006234375000000014
0 0.9364907407407407 0.40402604166666667 0.011388888888888952 0.005973958333333407
0 0.8593425925925926 0.32891145833333335 0.016787037037037243 0.008682291666666675
0 0.6474999999999999 0.2711770833333333 0.016787037037037086 0.006109375000000039
0 0.6509814814814814 0.28408854166666664 0.010787037037037175 0.006437499999999918
0 0.5787499999999999 0.24403125 0.01235185185185183 0.007651041666666724
0 0.5909166666666668 0.2207708333333333 0.010074074074074228 0.0068489583333333215
0 0.37205555555555553 0.32167708333333334 0.01975925925925929 0.009182291666666753
0 0.25769444444444445 0.45727604166666663 0.014083333333333394 0.007640624999999979
0 0.3512222222222222 0.445609375 0.01917592592592597 0.010062499999999908
0 0.2475185185185185 0.5790677083333333 0.019564814814814785 0.010187499999999971
0 0.24722222222222223 0.6828541666666667 0.022499999999999985 0.01040624999999995
0 0.33008333333333334 0.6243645833333333 0.01800000000000005 0.010973958333333478
0 0.558037037037037 0.6900520833333333 0.018388888888888743 0.00895833333333318
0 0.7159351851851852 0.5774739583333333 0.014870370370370346 0.012942708333333285
0 0.7190740740740741 0.5022395833333333 0.015259259259259276 0.010401041666666621
0 0.7709259259259258 0.42460416666666667 0.015657407407407377 0.009656249999999922
0 0.6995277777777777 0.34831249999999997 0.009462962962963041 0.0067499999999999895
0 0.4072592592592592 0.4234322916666667 0.010361111111111161 0.004776041666666763
0 0.7285462962962962 0.46685937499999997 0.009749999999999974 0.0050156250000000565