0 0.5648425925925925 0.20282291666666669 0.009703703703703721 0.008052083333333359
0 0.5457870370370371 0.19429166666666667 0.01519444444444452 0.006458333333333321
0 0.7038425925925925 0.21964062499999998 0.01735185185185186 0.009682291666666653
0 0.6662870370370371 0.23317187499999997 0.013694444444444464 0.008583333333333342
0 0.8045648148148148 0.25352604166666665 0.007787037037037218 0.006880208333333382
0 0.8061111111111111 0.26624479166666665 0.011444444444444457 0.007624999999999993
0 0.8503703703703703 0.28363020833333336 0.010499999999999924 0.007270833333333382
0 0.9629999999999999 0.3978541666666667 0.015194444444444205 0.009098958333333362
0 0.9637499999999998 0.43847395833333336 0.013879629629629322 0.009630208333333279
0 0.9345833333333333 0.4639010416666666 0.010694444444444508 0.0073124999999999215
0 0.9295185185185185 0.6103385416666666 0.012379629629629423 0.009010416666666821
0 0.9096388888888888 0.598625 0.013129629629629689 0.006468749999999979
0 0.8117407407407407 0.69990625 0.015379629629629537 0.009005208333333315
0 0.7237314814814814 0.7270156249999999 0.011537037037036965 0.006890624999999951
0 0.668962962962963 0.7191510416666667 0.012287037037037072 0.007624999999999993
0 0.5413333333333333 0.7611979166666666 0.011907407407407315 0.00847916666666677
0 0.5863888888888888 0.7615677083333333 0.0074999999999999685 0.0060520833333333355
0 0.4949537037037036 0.7379374999999999 0.01594444444444447 0.007317708333333428
0 0.30525 0.705515625 0.011249999999999953 0.005989583333333393
0 0.19139814814814815 0.6402916666666666 0.01706481481481485 0.007833333333333314
0 0.14000925925925928 0.6554322916666667 0.017814814814814835 0.009000000000000164
0 0.07305555555555555 0.5332864583333333 0.017259259259259252 0.009046874999999944
0 0.23594444444444443 0.5327343750000001 0.01556481481481479 0.008885416666666757
0 0.020398148148148148 0.5149062499999999 0.014351851851851848 0.008052083333333293
0 0.09302777777777776 0.4811979166666666 0.013879629629629638 0.009312500000000057
0 0.03610185185185185 0.4390572916666667 0.010314814814814818 0.007000000000000029
0 0.055796296296296295 0.3686614583333333 0.012564814814814815 0.006109375000000039
0 0.06334259259259259 0.34694791666666663 0.009092592592592593 0.005406250000000057
0 0.11225000000000002 0.32927083333333335 0.014064814814814813 0.009932291666666603
0 0.1612962962962963 0.2996875 0.014249999999999987 0.009317708333333386
0 0.25296296296296295 0.24717187499999999 0.00853703703703709 0.0065104166666666964
0 0.2944629629629629 0.23965104166666668 0.011064814814814857 0.008244791666666718
0 0.4021666666666666 0.21803124999999998 0.015472222222222203 0.008677083333333346
0 0.42345370370370367 0.2533229166666667 0.014157407407407322 0.008682291666666675
0 0.4379907407407407 0.26308333333333334 0.01453703703703708 0.009213541666666724
0 0.5626666666666666 0.26297916666666665 0.014064814814814813 0.008687500000000004
0 0.4599259259259259 0.3643385416666666 0.010407407407407416 0.006187500000000057
0 0.5344537037037037 0.36948958333333326 0.012425925925925993 0.007984374999999932
0 0.5086018518518518 0.40689062499999995 0.013092592592592685 0.009140625000000036
0 0.2731296296296296 0.5019427083333333 0.015703703703703713 0.010031249999999936
0 0.3615555555555555 0.5955208333333333 0.017768518518518583 0.011708333333333343
0 0.5671203703703703 0.5491927083333333 0.014879629629629519 0.009005208333333315
0 0.5804444444444444 0.5720364583333333 0.013018518518518521 0.009369791666666493
0 0.7685555555555554 0.4926354166666666 0.01859259259259242 0.012338541666666637
0 0.4384259259259259 0.291796875 0.011111111111111112 0.0069218750000000105
0 0.5830277777777777 0.5643333333333332 0.016712962962962923 0.00803124999999998