0 0.3456111111111111 0.24031249999999998 0.011370370370370371 0.007093750000000032
0 0.33360185185185187 0.2526770833333333 0.006833333333333355 0.005052083333333357
0 0.3186759259259259 0.25101562499999996 0.007564814814814803 0.0059791666666666465
0 0.31049999999999994 0.2534895833333333 0.008009259259259239 0.006833333333333335
0 0.3149444444444444 0.261125 0.010527777777777756 0.0030416666666666535
0 0.33205555555555555 0.2650625 0.009351851851851873 0.004619791666666639
0 0.27799999999999997 0.272734375 0.01134259259259262 0.004520833333333396
0 0.265537037037037 0.2705416666666667 0.006861111111111108 0.006760416666666646
0 0.25913888888888886 0.2748125 0.011148148148148114 0.004270833333333357
0 0.23084259259259257 0.279890625 0.014194444444444482 0.002927083333333247
0 0.22258333333333333 0.2878697916666667 0.011675925925925965 0.006130208333333354
0 0.243537037037037 0.28581249999999997 0.008287037037037079 0.0072135416666665895
0 0.2570833333333333 0.2853333333333333 0.013472222222222207 0.004520833333333396
0 0.26587037037037037 0.29315625 0.005907407407407403 0.005515624999999957
0 0.2576018518518518 0.2984791666666667 0.0063888888888888416 0.005458333333333343
0 0.2531851851851852 0.297890625 0.006240740740740749 0.0047499999999999435
0 0.28344444444444444 0.29623437499999994 0.009351851851851873 0.004276041666666686
0 0.18860185185185183 0.30134895833333336 0.00587962962962965 0.008359374999999947
0 0.2092222222222222 0.30665624999999996 0.010722222222222182 0.0046510416666667
0 0.1822685185185185 0.31557812499999993 0.010861111111111122 0.0049947916666666535
0 0.24322222222222223 0.31790104166666666 0.010388888888888914 0.006020833333333276
0 0.24839814814814812 0.326984375 0.006694444444444435 0.0070208333333333425
0 0.16387037037037036 0.32058333333333333 0.016074074074074098 0.005156250000000018
0 0.1606388888888889 0.3280520833333333 0.012685185185185174 0.0028541666666666464
0 0.15836111111111112 0.3328333333333333 0.010083333333333321 0.003125
0 0.1499537037037037 0.33319270833333337 0.007842592592592604 0.008088541666666681
0 0.21059259259259258 0.33886458333333336 0.014027777777777731 0.0024218750000000178
0 0.22788888888888886 0.34035937499999996 0.01047222222222225 0.004468749999999933
0 0.16900925925925925 0.3400208333333333 0.006472222222222218 0.00489583333333341
0 0.2612407407407407 0.3339427083333333 0.010416666666666666 0.0036354166666666466
0 0.2676759259259259 0.3399322916666666 0.006944444444444444 0.0058229166666667
0 0.25752777777777774 0.352515625 0.00932407407407412 0.004046874999999961
0 0.27562037037037035 0.36870312499999996 0.011898148148148142 0.006973958333333386
0 0.17357407407407408 0.3594791666666667 0.017277777777777795 0.007265625000000053
0 0.1584722222222222 0.3437864583333333 0.008064814814814783 0.004588541666666668
0 0.1467037037037037 0.34479166666666666 0.011425925925925916 0.004989583333333325
0 0.1411388888888889 0.3656197916666667 0.015120370370370355 0.003765625000000039
0 0.13819444444444445 0.37113541666666666 0.007564814814814843 0.006598958333333372
0 0.15569444444444444 0.37419270833333335 0.009518518518518506 0.006447916666666753
0 0.1778148148148148 0.380984375 0.014564814814814833 0.00522395833333329
0 0.1587222222222222 0.3897708333333333 0.008851851851851854 0.005630208333333275
0 0.145 0.39528645833333337 0.01276851851851855 0.007208333333333261
0 0.1260277777777778 0.39083854166666665 0.010388888888888914 0.007354166666666639
0 0.14432407407407408 0.40421874999999996 0.010305555555555538 0.005859375
0 0.1542222222222222 0.42329687499999996 0.013583333333333334 0.0051354166666666146
0 0.20386111111111108 0.40909375 0.010638888888888923 0.0060000000000000496
0 0.2017037037037037 0.42240625 0.008009259259259239 0.005494791666666643
0 0.20829629629629628 0.4274947916666666 0.005407407407407384 0.004369791666666778
0 0.21499074074074073 0.426375 0.00713888888888887 0.008119791666666565
0 0.1894722222222222 0.4292916666666667 0.006944444444444444 0.00859375
0 0.1996018518518518 0.4458125 0.006833333333333355 0.009817708333333286
0 0.18100925925925923 0.4588749999999999 0.012657407407407423 0.0040729166666666925
0 0.14180555555555555 0.4354739583333333 0.008064814814814783 0.008338541666666721
0 0.12728703703703703 0.43253125 0.010666666666666637 0.007614583333333336
0 0.1108611111111111 0.45138541666666665 0.010694444444444468 0.0058385416666666854
0 0.10366666666666664 0.4667239583333333 0.007731481481481476 0.005171875000000092
0 0.11290740740740739 0.4660937499999999 0.010527777777777796 0.008953125000000029
0 0.12399999999999999 0.46879687499999995 0.009629629629629596 0.007583333333333364
0 0.16433333333333333 0.4925833333333333 0.020361111111111108 0.0047499999999999435
0 0.2368333333333333 0.5082083333333334 0.010629629629629593 0.0034843750000000282
0 0.24935185185185185 0.49878124999999995 0.00842592592592592 0.008052083333333293
0 0.2692222222222222 0.5034010416666665 0.013666666666666633 0.0054322916666667
0 0.22295370370370368 0.5166718749999999 0.00764814814814814 0.004020833333333407
0 0.21325925925925923 0.521671875 0.009027777777777777 0.005760416666666579
0 0.2424722222222222 0.5243541666666667 0.009101851851851863 0.006317708333333449
0 0.25835185185185183 0.5292395833333333 0.012546296296296253 0.0056145833333333785
0 0.1721851851851852 0.535109375 0.009342592592592583 0.005338541666666608
0 0.16039814814814812 0.5236302083333333 0.006324074074074046 0.008291666666666763
0 0.15635185185185185 0.533203125 0.007083333333333325 0.00408333333333335
0 0.14627777777777776 0.5350104166666666 0.007490740740740718 0.0049479166666666075
0 0.11302777777777777 0.5530625 0.009249999999999996 0.005604166666666721
0 0.12571296296296297 0.5600468749999999 0.00904629629629628 0.0034479166666665506
0 0.09730555555555556 0.559609375 0.010000000000000024 0.005083333333333506
0 0.10259259259259258 0.5682395833333332 0.011564814814814837 0.005796875000000057
0 0.10997222222222221 0.6046354166666668 0.00932407407407408 0.007463541666666629
0 0.12041666666666667 0.6279791666666666 0.00727777777777779 0.005875000000000163
0 0.13099999999999998 0.6270833333333333 0.009249999999999996 0.004656250000000028
0 0.1733425925925926 0.6154895833333333 0.006722222222222227 0.008864583333333264
0 0.1813148148148148 0.642453125 0.009916666666666648 0.004307291666666657
0 0.1605925925925926 0.6596562499999999 0.006962962962962946 0.005729166666666607
0 0.18700925925925924 0.6629114583333333 0.006666666666666683 0.0053593749999999215
0 0.15425925925925926 0.6695625 0.00945370370370367 0.0041249999999999785
0 0.18213888888888888 0.6737447916666666 0.007981481481481485 0.0066510416666666575
0 0.17773148148148146 0.6984791666666667 0.010796296296296306 0.005885416666666821
0 0.19223148148148148 0.6927864583333333 0.01007407407407407 0.004630208333333208
0 0.2039537037037037 0.689609375 0.009351851851851873 0.004958333333333264
0 0.2358148148148148 0.6774427083333333 0.014898148148148178 0.0052552083333333496
0 0.23371296296296293 0.6978020833333333 0.006666666666666683 0.00564583333333335
0 0.2427037037037037 0.696234375 0.007166666666666701 0.006135416666666771
0 0.2574166666666666 0.7086354166666666 0.007703703703703724 0.004786458333333421
0 0.3013518518518518 0.6999166666666665 0.014759259259259336 0.004302083333333507
0 0.33509259259259255 0.6963697916666666 0.016157407407407474 0.007302083333333265
0 0.31884259259259257 0.7099114583333332 0.008740740740740764 0.007151041666666735
0 0.2891574074074074 0.73246875 0.013666666666666633 0.0063072916666667925
0 0.2723055555555555 0.7320208333333333 0.005509259259259301 0.005968750000000078
0 0.27809259259259256 0.7402708333333333 0.00957407407407413 0.0033177083333333357
0 0.2778981481481481 0.7444843750000001 0.010416666666666666 0.003848958333333208
0 0.23049074074074072 0.7235208333333334 0.008361111111111087 0.003536458333333314
0 0.20509259259259258 0.7184947916666666 0.008175925925925911 0.005135416666666792
0 0.2454444444444444 0.6545572916666667 0.014305555555555571 0.008880208333333427
0 0.2671296296296296 0.6539010416666666 0.015398148148148117 0.007302083333333265
0 0.20443518518518516 0.6184375 0.014851851851851845 0.00607291666666665
0 0.2161759259259259 0.6249114583333333 0.011583333333333298 0.005369791666666579
0 0.31989814814814815 0.5999583333333334 0.011296296296296365 0.006380208333333392
0 0.28402777777777777 0.5741666666666667 0.011925925925925895 0.005088541666666657
0 0.2761388888888889 0.561140625 0.011935185185185146 0.005276041666666664
0 0.30141666666666667 0.5332291666666666 0.008527777777777837 0.003796874999999922
0 0.3184814814814815 0.5554479166666667 0.00981481481481481 0.006562499999999893
0 0.3379629629629629 0.5459270833333333 0.00920370370370378 0.004692708333333506
0 0.32212037037037033 0.5482135416666666 0.009842592592592563 0.005093750000000163
0 0.4454444444444444 0.566421875 0.028842592592592572 0.0064635416666666504
0 0.38659259259259254 0.6417552083333333 0.011268518518518534 0.008421874999999978
0 0.39432407407407405 0.6501979166666667 0.014305555555555651 0.008151041666666714
0 0.39032407407407405 0.6714062499999999 0.011740740740740642 0.010213541666666793
0 0.4227962962962962 0.7057083333333333 0.013175925925925943 0.005036458333333371
0 0.3830555555555555 0.7174791666666666 0.01135185185185179 0.006046875000000007
0 0.4846851851851852 0.7159635416666668 0.008787037037037098 0.005083333333333506
0 0.5065648148148149 0.6963854166666665 0.009425925925926037 0.006468749999999979
0 0.4066388888888888 0.7534010416666665 0.011509259259259212 0.005723958333333279
0 0.32207407407407407 0.7637916666666666 0.008916666666666689 0.004973958333333428
0 0.3563055555555555 0.7614479166666667 0.011027777777777735 0.005760416666666579
0 0.34145370370370365 0.7717916666666665 0.012342592592592657 0.00685416666666665
0 0.38366666666666666 0.7637031249999999 0.00983333333333339 0.00670833333333345
0 0.39370370370370367 0.772734375 0.015398148148148197 0.007973958333333364
0 0.4002314814814814 0.7769791666666667 0.016018518518518477 0.009109374999999887
0 0.4497314814814814 0.78696875 0.010592592592592591 0.005828125000000029
0 0.4372685185185185 0.75978125 0.010981481481481441 0.006333333333333258
0 0.421287037037037 0.7515208333333334 0.00942592592592588 0.004062500000000036
0 0.46199999999999997 0.7574479166666667 0.011259259259259283 0.0048697916666666785
0 0.4855 0.7736875 0.007740740740740648 0.006947916666666743
0 0.5084444444444445 0.7682604166666666 0.008444444444444343 0.004703125000000164
0 0.4994259259259259 0.7877447916666667 0.008379629629629588 0.0050677083333333425
0 0.556675925925926 0.7479322916666666 0.009287037037036958 0.004598958333333236
0 0.6119537037037036 0.7780729166666667 0.013027777777777772 0.0060520833333333355
0 0.6579814814814815 0.7790937499999999 0.01224074074074082 0.005901041666666629
0 0.6532222222222223 0.7705989583333333 0.01261111111111101 0.004598958333333236
0 0.6378055555555556 0.742015625 0.015379629629629537 0.006723958333333257
0 0.6465740740740741 0.7182968750000001 0.00864814814814802 0.006291666666666629
0 0.6314722222222222 0.70115625 0.01349074074074063 0.0059843749999998865
0 0.6514814814814814 0.6938541666666667 0.008185185185185162 0.0037760416666666073
0 0.6934444444444444 0.7514635416666666 0.009416666666666787 0.004593750000000086
0 0.7222592592592593 0.7517864583333334 0.010120370370370325 0.004828125000000049
0 0.7093888888888888 0.7636822916666667 0.013398148148148199 0.0049479166666666075
0 0.7268055555555555 0.7681302083333332 0.01811111111111106 0.007119791666666764
0 0.7125 0.766625 0.012361111111111 0.011453124999999887
0 0.7027407407407408 0.7730364583333333 0.013842592592592635 0.0061770833333334
0 0.6919351851851852 0.7698854166666667 0.01554629629629621 0.008624999999999971
0 0.7653888888888888 0.7620729166666667 0.011675925925925729 0.004812499999999886
0 0.78425 0.7487031249999999 0.008759259259259187 0.005130208333333286
0 0.760898148148148 0.7352708333333333 0.01017592592592583 0.004385416666666764
0 0.7881481481481482 0.7299895833333332 0.016712962962962923 0.005562499999999915
0 0.8366944444444444 0.7294895833333332 0.013685185185185054 0.007005208333333179
0 0.8081759259259259 0.7266197916666666 0.007231481481481537 0.006187500000000057
0 0.7990648148148147 0.7256197916666667 0.00894444444444452 0.005151041666666601
0 0.8307407407407408 0.7182395833333333 0.013009259259259111 0.0038437500000000568
0 0.8299537037037036 0.713 0.010148148148148076 0.005656250000000007
0 0.8354444444444444 0.6919114583333333 0.009620370370370463 0.007406249999999837
0 0.8694444444444445 0.6931458333333332 0.013620370370370298 0.00454687499999995
0 0.8906203703703703 0.6904791666666666 0.011666666666666476 0.005749999999999922
0 0.9092777777777777 0.6716979166666667 0.00889814814814795 0.005515625000000135
0 0.8791018518518517 0.6770937499999999 0.007555555555555631 0.005119791666666628
0 0.8644814814814814 0.6710885416666666 0.011120370370370362 0.005343750000000114
0 0.8630833333333333 0.6567552083333333 0.013240740740740699 0.0067031249999999435
0 0.8339629629629629 0.6483541666666666 0.01006481481481482 0.006484374999999964
0 0.8364074074074075 0.6405885416666667 0.012472222222222247 0.00728124999999995
0 0.7855 0.6365260416666667 0.009101851851851785 0.006421875000000021
0 0.7410833333333332 0.6311249999999999 0.007574074074074133 0.005567708333333421
0 0.8375648148148147 0.60946875 0.008074074074073994 0.00529166666666665
0 0.8510833333333333 0.6160781249999999 0.01212962962962965 0.01079687499999995
0 0.862787037037037 0.625984375 0.011268518518518691 0.007161458333333393
0 0.8805833333333333 0.6350416666666666 0.010481481481481423 0.0049218749999999645
0 0.9219074074074074 0.6277135416666667 0.015083333333333195 0.008515624999999893
0 0.9055000000000001 0.6278645833333333 0.005907407407407403 0.0042708333333331796
0 0.8973055555555555 0.6278697916666667 0.014231481481481486 0.006229166666666686
0 0.9429814814814815 0.6114166666666667 0.01492592592592593 0.009182291666666665
0 0.8987407407407406 0.6065833333333334 0.014768518518518665 0.004416666666666735
0 0.8918240740740739 0.6143489583333333 0.011509259259259212 0.007692708333333265
0 0.67075 0.6037291666666667 0.02371296296296287 0.006192708333333208
0 0.6183981481481482 0.6740885416666667 0.010240740740740743 0.004979166666666579
0 0.5816574074074075 0.6513489583333333 0.022000000000000044 0.00639062500000005
0 0.8393796296296295 0.5928697916666665 0.018425925925925905 0.009541666666666693
0 0.894037037037037 0.5881927083333333 0.01018518518518508 0.009281250000000085
0 0.909 0.5936822916666665 0.015240740740740775 0.008359375000000035
0 0.8803148148148148 0.5638281249999999 0.018194444444444634 0.011088541666666707
0 0.8723055555555554 0.55125 0.010888888888888774 0.009989583333333307
0 0.8336296296296297 0.5446666666666666 0.0143796296296295 0.0112552083333334
0 0.8055648148148148 0.553875 0.01920370370370361 0.005755208333333428
0 0.9411851851851851 0.5262864583333333 0.013064814814814616 0.0068489583333333215
0 0.9379259259259258 0.514453125 0.01772222222222221 0.009864583333333421
0 0.9071388888888888 0.49703645833333326 0.012750000000000088 0.009218749999999965
0 0.8517777777777777 0.5116979166666666 0.011509259259259212 0.012223958333333406
0 0.8854814814814814 0.4949635416666666 0.0117407407407408 0.010682291666666722
0 0.9200462962962962 0.49299479166666665 0.008703703703703682 0.0076197916666666645
0 0.9331018518518518 0.49214062499999994 0.013685185185185054 0.007223958333333336
0 0.8625092592592593 0.486703125 0.009953703703703808 0.011213541666666594
0 0.9271574074074074 0.4799635416666666 0.015472222222222361 0.007510416666666764
0 0.8931388888888888 0.46758854166666663 0.011972222222222386 0.006453124999999993
0 0.9361388888888889 0.4514739583333333 0.011509259259259212 0.008979166666666672
0 0.8961759259259259 0.4418697916666666 0.013685185185185054 0.008578125000000015
0 0.8730462962962962 0.4473802083333333 0.013916666666666641 0.007354166666666551
0 0.75175 0.4708177083333333 0.012638888888889078 0.006984375000000043
0 0.7809074074074074 0.45432812499999997 0.010305555555555656 0.006505208333333279
0 0.6964907407407408 0.45646354166666664 0.01135185185185179 0.006046875000000007
0 0.8147777777777777 0.4377604166666666 0.012435185185185244 0.005744791666666593
0 0.8607962962962963 0.42608854166666665 0.012750000000000088 0.010302083333333378
0 0.8319537037037037 0.41866145833333335 0.007787037037037218 0.004927083333333293
0 0.9069814814814815 0.433984375 0.019277777777777613 0.007192708333333364
0 0.9253703703703704 0.4295885416666666 0.01749074074074094 0.005052083333333357
0 0.9391666666666666 0.4348385416666666 0.013990740740740647 0.0067968750000000355
0 0.9290648148148147 0.4170989583333333 0.012435185185185244 0.005979166666666735
0 0.9063611111111111 0.41541666666666666 0.008083333333333245 0.008906249999999893
0 0.8793055555555555 0.4145416666666666 0.00933333333333337 0.008588541666666671
0 0.8328055555555554 0.4032604166666666 0.009898148148148303 0.005447916666666686
0 0.880685185185185 0.40499999999999997 0.009925925925926057 0.005046875000000029
0 0.9119537037037035 0.4017083333333333 0.010962962962962782 0.004755208333333405
0 0.8993425925925925 0.3993072916666666 0.009685185185185219 0.004791666666666661
0 0.9260555555555555 0.38685937499999995 0.011972222222222386 0.004937500000000039
0 0.8908888888888888 0.3776822916666666 0.018037037037037053 0.0060989583333333815
0 0.9030185185185184 0.369546875 0.01865740740740749 0.004880208333333247
0 0.8748333333333334 0.3667239583333333 0.015157407407407201 0.0065833333333333854
0 0.8951203703703704 0.35332291666666665 0.022777777777777588 0.006270833333333314
0 0.8981203703703703 0.3349739583333333 0.011351851851851948 0.008421875000000068
0 0.8683981481481482 0.3350677083333333 0.010777777777777765 0.0068958333333333675
0 0.7876388888888888 0.3557708333333333 0.013064814814814616 0.0101197916666667
0 0.832962962962963 0.32848437500000005 0.009796296296296228 0.005364583333333339
0 0.7824074074074073 0.33314062499999997 0.007351851851851797 0.005343750000000025
0 0.7482592592592593 0.3239270833333333 0.010768518518518514 0.005703125000000054
0 0.7723611111111109 0.316859375 0.009416666666666629 0.006609375000000028
0 0.7124259259259258 0.3581822916666667 0.011898148148148064 0.014817708333333356
0 0.7457777777777779 0.34691666666666665 0.012046296296296393 0.00990624999999996
0 0.668611111111111 0.3355625 0.016324074074074227 0.006807291666666604
0 0.6486296296296297 0.3445729166666667 0.013685185185185213 0.009776041666666657
0 0.6571851851851851 0.3583125 0.022083333333333302 0.0050416666666666995
0 0.7952314814814814 0.30888541666666663 0.009740740740740723 0.006276041666666643
0 0.847361111111111 0.3039739583333333 0.01061111111111125 0.005140624999999943
0 0.8241574074074074 0.300375 0.010574074074074246 0.004411458333333318
0 0.8136759259259259 0.3076302083333333 0.008462962962963162 0.004973958333333339
0 0.7962777777777776 0.287359375 0.010564814814814995 0.006557291666666654
0 0.824537037037037 0.28311458333333334 0.007083333333333523 0.004130208333333396
0 0.8063796296296295 0.28060416666666665 0.008398148148148089 0.0049687500000000105
0 0.7990833333333333 0.296953125 0.008259259259259327 0.004614583333333311
0 0.7707777777777778 0.264484375 0.014629629629629588 0.004760416666666689
0 0.6910555555555555 0.2953541666666667 0.007981481481481327 0.0068020833333332755
0 0.6686481481481481 0.28509375 0.0076944444444443936 0.005083333333333329
0 0.6688981481481481 0.2712760416666667 0.008981481481481524 0.004182291666666682
0 0.6876481481481481 0.2610052083333333 0.009092592592592534 0.004572916666666682
0 0.7258518518518517 0.254953125 0.006490740740740838 0.007109375000000018
0 0.7352314814814813 0.25236458333333334 0.007749999999999899 0.005661458333333336
0 0.7158611111111111 0.24864583333333332 0.010490740740740674 0.004338541666666718
0 0.6878888888888889 0.24853645833333332 0.008314814814814832 0.006109375000000039
0 0.6904444444444444 0.2554739583333333 0.010712962962962851 0.004572916666666682
0 0.6548703703703703 0.2579375 0.012129629629629492 0.0047447916666667036
0 0.6461018518518518 0.25488020833333336 0.014851851851851765 0.004567708333333353
0 0.6639166666666666 0.24248958333333331 0.0077129629629628955 0.005598958333333304
0 0.649574074074074 0.24036979166666664 0.007064814814814863 0.004786458333333332
0 0.615111111111111 0.2667760416666667 0.012462962962962997 0.005994791666666633
0 0.6254907407407407 0.287328125 0.008962962962963021 0.006864583333333396
0 0.6216018518518519 0.29957291666666663 0.0077129629629628955 0.004307291666666657
0 0.5470925925925926 0.2827083333333333 0.01274999999999993 0.011239583333333325
0 0.539287037037037 0.29633333333333334 0.013453703703703626 0.014442708333333342
0 0.5771851851851851 0.2812864583333333 0.01570370370370379 0.007083333333333286
0 0.5746203703703704 0.2775208333333333 0.014925925925925771 0.004807291666666646
0 0.5731759259259258 0.276671875 0.022157407407407466 0.00966145833333334
0 0.5819629629629629 0.27121874999999995 0.024027777777777874 0.006046874999999919
0 0.5820740740740741 0.23290625 0.012138888888888744 0.005697916666666724
0 0.5424351851851852 0.25910416666666664 0.02145370370370377 0.0049166666666667245
0 0.5323611111111112 0.2694947916666666 0.011268518518518534 0.009937500000000021
0 0.5199629629629628 0.31170833333333337 0.016796296296296337 0.010348958333333247
0 0.48991666666666667 0.33497916666666666 0.01453703703703708 0.0064583333333334105
0 0.44237037037037036 0.33373437499999997 0.01710185185185193 0.009651041666666683
0 0.5418796296296295 0.2350989583333333 0.009851851851851891 0.005901041666666718
0 0.5136018518518519 0.24317708333333332 0.010009259259259155 0.00447395833333335
0 0.5004259259259259 0.23544270833333333 0.0117407407407408 0.005161458333333346
0 0.4757962962962963 0.2549427083333333 0.013712962962962965 0.004760416666666689
0 0.4884537037037036 0.2683385416666667 0.015509259259259207 0.003765625000000039
0 0.47525925925925916 0.2776770833333333 0.008240740740740824 0.005989583333333303
0 0.4701666666666666 0.27205208333333336 0.011268518518518534 0.008755208333333275
0 0.46324999999999994 0.2669270833333333 0.01124074074074078 0.002885416666666618
0 0.43746296296296294 0.2543125 0.01237962962962958 0.0057656249999999964
0 0.4348055555555555 0.23960416666666667 0.00891666666666661 0.005510416666666717
0 0.4324722222222222 0.27079166666666665 0.008907407407407359 0.004906250000000068
0 0.4228796296296296 0.264859375 0.008333333333333333 0.0050416666666666995
0 0.3825185185185185 0.2692864583333333 0.006231481481481498 0.005348958333333353
0 0.3679444444444444 0.26957291666666666 0.011305555555555537 0.005531249999999943
0 0.3684074074074074 0.279828125 0.00751851851851847 0.007109375000000018
0 0.40287962962962964 0.28865104166666666 0.01274999999999993 0.008354166666666617
0 0.4153148148148148 0.2991979166666667 0.01897222222222218 0.004864583333333261
0 0.45593518518518517 0.29928645833333334 0.024796296296296323 0.003291666666666604
0 0.42497222222222225 0.3042239583333333 0.00904629629629628 0.004135416666666725
0 0.4164444444444444 0.31997916666666665 0.009870370370370394 0.004880208333333247
0 0.3796111111111111 0.3165364583333333 0.011601851851851879 0.006473958333333396
0 0.35762962962962963 0.33371354166666667 0.015546296296296249 0.01004687500000001
0 0.38894444444444437 0.23516666666666666 0.008768518518518596 0.005333333333333368
0 0.4069074074074074 0.2324895833333333 0.007120370370370368 0.005885416666666643
0 0.4053888888888889 0.24074999999999996 0.00764814814814814 0.005015624999999968
0 0.3860462962962963 0.2506875 0.00649999999999993 0.008760416666666692
0 0.3924537037037037 0.25078645833333335 0.007759259259259308 0.006932291666666668
0 0.39954629629629623 0.2585677083333333 0.01616666666666665 0.005026041666666625
0 0.33224999999999993 0.3530833333333333 0.026361111111111137 0.009343750000000029
0 0.39844444444444443 0.353640625 0.016638888888888915 0.012390625000000011
0 0.4024907407407407 0.38431249999999995 0.015157407407407359 0.005057291666666686
0 0.49094444444444446 0.3996979166666666 0.013361111111111117 0.005093749999999941
0 0.2755648148148148 0.38908333333333334 0.012138888888888902 0.004973958333333339
0 0.3822222222222222 0.41875520833333335 0.00982407407407414 0.004442708333333378
0 0.3668518518518518 0.4318697916666666 0.0121203703703704 0.00546875
0 0.4152037037037037 0.4651041666666666 0.012685185185185174 0.006859374999999978
0 0.4014907407407407 0.45913541666666663 0.0069537037037036955 0.005239583333333364
0 0.3741944444444444 0.4738802083333333 0.008990740740740775 0.004359374999999943
0 0.2384074074074074 0.47485416666666663 0.006027777777777743 0.005416666666666714
0 0.3466388888888889 0.39619791666666665 0.010703703703703679 0.0049427083333333675
0 0.5539351851851851 0.49015624999999996 0.010564814814814838 0.0066041666666667
0 0.6437037037037038 0.4848125 0.010749999999999855 0.009812499999999957
0 0.7671018518518518 0.5412552083333333 0.014462962962962757 0.015562500000000057
0 0.09610185185185184 0.5265625 0.00891666666666665 0.006187500000000057
0 0.10237037037037036 0.5288697916666666 0.006342592592592587 0.005374999999999908