0 0.7181878306878307 0.3996949404761904 0.01308201058201064 0.01067460317460318
0 0.666741622574956 0.30459077380952376 0.008302469135802444 0.008940972222222232
0 0.6810802469135803 0.3005555555555555 0.01131834215167547 0.01021329365079362
0 0.5451190476190476 0.29383184523809525 0.0171075837742505 0.006103670634920633
0 0.5154320987654321 0.3728794642857143 0.00905643738977078 0.007981150793650738
0 0.5263227513227513 0.3903174603174603 0.007879188712522023 0.00853670634920638
0 0.3479982363315696 0.39126240079365077 0.013950617283950667 0.004322916666666643
0 0.3481966490299824 0.262296626984127 0.014043209876543174 0.007562003968253883
0 0.29138888888888886 0.28474702380952377 0.014043209876543174 0.00937251984126979
0 0.2095326278659612 0.2911011904761905 0.017830687830687867 0.004875992063491985
0 0.22282186948853616 0.29709077380952376 0.015687830687830643 0.011562499999999965
0 0.3095943562610229 0.4575372023809524 0.016653439153439108 0.007175099206349245
0 0.13766754850088184 0.5119345238095238 0.021754850088183432 0.012733134920634904
0 0.15229717813051147 0.43355158730158727 0.013505291005290982 0.008990575396825485
0 0.12354056437389771 0.5337425595238096 0.019007936507936505 0.004022817460317541
0 0.3854717813051146 0.7027182539682539 0.017535273368606694 0.006463293650793745
0 0.431820987654321 0.6760590277777777 0.01639770723104053 0.005344742063492091
0 0.5677865961199294 0.7383407738095238 0.01366402116402112 0.010835813492063372
0 0.5242857142857142 0.7429538690476191 0.013209876543209967 0.006225198412698418
0 0.7599867724867724 0.6328893849206348 0.00960758377425053 0.006004464285714306