0 0.357962962962963 0.281296875 0.014425925925925951 0.006640625
0 0.2808333333333333 0.3027135416666667 0.016759259259259255 0.008651041666666614
0 0.2659722222222222 0.3339739583333333 0.01761111111111112 0.011020833333333346
0 0.35403703703703704 0.33875 0.012944444444444436 0.004812499999999975
0 0.16699074074074072 0.3496197916666667 0.01824999999999998 0.011520833333333248
0 0.16751851851851848 0.40028645833333326 0.015490740740740744 0.010442708333333295
0 0.16677777777777777 0.43023437499999995 0.015277777777777777 0.007322916666666579
0 0.17123148148148148 0.42033333333333334 0.013999999999999997 0.006135416666666593
0 0.07596296296296297 0.43882812499999996 0.01442592592592593 0.008750000000000036
0 0.06991666666666667 0.478453125 0.012944444444444436 0.008036458333333307
0 0.22258333333333333 0.46950520833333337 0.019944444444444463 0.007807291666666672
0 0.07123148148148148 0.5430052083333333 0.01364814814814815 0.008328124999999886
0 0.05023148148148148 0.5636458333333334 0.015370370370370366 0.009359374999999837
0 0.13875925925925925 0.6725937500000001 0.013518518518518539 0.008083333333333265
0 0.16380555555555557 0.6975677083333333 0.015907407407407426 0.005697916666666636
0 0.23431481481481478 0.7008489583333334 0.014574074074074083 0.006442708333333336
0 0.26208333333333333 0.6845677083333332 0.008879629629629685 0.006526041666666771
0 0.3179444444444444 0.6965677083333334 0.01643518518518516 0.0068229166666666785
0 0.34888888888888886 0.7592968749999999 0.015509259259259247 0.007932291666666735
0 0.40474999999999994 0.7789375 0.016694444444444418 0.007411458333333343
0 0.412037037037037 0.7535989583333333 0.015370370370370444 0.007729166666666743
0 0.508787037037037 0.7616510416666665 0.015638888888889035 0.007723958333333236
0 0.5205185185185185 0.7682083333333333 0.011268518518518534 0.006526041666666771
0 0.522037037037037 0.7438020833333333 0.016694444444444418 0.008255208333333286
0 0.6068611111111111 0.7681354166666666 0.01696296296296285 0.008166666666666522
0 0.6506574074074074 0.7638854166666667 0.015509259259259207 0.008614583333333314
0 0.6826666666666666 0.7331041666666666 0.014314814814814902 0.006093749999999965
0 0.7141481481481481 0.702984375 0.016037037037036978 0.009364583333333343
0 0.84475 0.6704010416666667 0.014842592592592673 0.008609375000000164
0 0.894787037037037 0.6026406249999999 0.012324074074073918 0.0063854166666667215
0 0.8098333333333332 0.5843802083333334 0.013388888888889028 0.006546875000000086
0 0.9314999999999999 0.573125 0.015768518518518387 0.008192708333333344
0 0.8533703703703703 0.5395729166666666 0.013787037037037129 0.0063854166666667215
0 0.8898148148148147 0.4766197916666666 0.015111111111110947 0.007958333333333378
0 0.9130092592592591 0.47002604166666667 0.012194444444444407 0.007739583333333222
0 0.907574074074074 0.42655729166666667 0.017231481481481285 0.009369791666666672
0 0.7474722222222222 0.4287395833333333 0.00954629629629614 0.0065833333333333854
0 0.5644907407407407 0.35024479166666667 0.012620370370370419 0.007041666666666657
0 0.3822592592592592 0.6458854166666665 0.008935185185185112 0.005869791666666657
0 0.4167499999999999 0.6226041666666667 0.013583333333333296 0.007421875
0 0.4629166666666666 0.6091041666666667 0.015129629629629606 0.0065572916666667425
0 0.5072962962962962 0.6900364583333333 0.01096296296296294 0.006781250000000049
0 0.6775277777777777 0.5124479166666667 0.014583333333333334 0.006786458333333379
0 0.39901851851851844 0.5831927083333334 0.016611111111111163 0.007453124999999972
0 0.3689444444444444 0.5198541666666666 0.015999999999999976 0.007932291666666735
0 0.47801851851851845 0.4867864583333333 0.008972222222222272 0.004140624999999965
0 0.513962962962963 0.4226875 0.008851851851851854 0.004822916666666721
0 0.4550277777777778 0.49659375 0.0091851851851852 0.004515624999999979