0 0.18123148148148147 0.21674479166666663 0.012398148148148143 0.007770833333333282
0 0.18646296296296297 0.23293749999999996 0.00725925925925921 0.004885416666666665
0 0.20506481481481478 0.26502604166666666 0.007620370370370388 0.0066770833333333005
0 0.15333333333333332 0.2787239583333333 0.008324074074074083 0.005781249999999983
0 0.1305648148148148 0.275984375 0.008148148148148158 0.004682291666666671
0 0.10505555555555554 0.30946874999999996 0.010277777777777785 0.007874999999999943
0 0.07431481481481482 0.2834583333333333 0.011870370370370371 0.007473958333333286
0 0.062268518518518515 0.29377604166666665 0.010101851851851843 0.008369791666666604
0 0.1638611111111111 0.3860885416666666 0.013694444444444464 0.004151041666666711
0 0.05238888888888889 0.37702604166666664 0.010240740740740743 0.007536458333333318
0 0.042379629629629635 0.40471874999999996 0.0076759259259259315 0.005166666666666764
0 0.02499074074074074 0.408234375 0.009027777777777777 0.00728124999999995
0 0.1418796296296296 0.4251666666666667 0.009481481481481504 0.004234375000000057
0 0.09874999999999999 0.4437135416666666 0.012046296296296275 0.004739583333333286
0 0.016787037037037038 0.4674635416666666 0.007675925925925922 0.0061822916666665504
0 0.021305555555555557 0.48203125 0.010388888888888885 0.008890624999999907
0 0.04132407407407407 0.4925729166666667 0.007675925925925927 0.0066041666666667
0 0.07820370370370369 0.508234375 0.00587037037037038 0.008130208333333222
0 0.22385185185185183 0.49379687499999997 0.0075277777777778 0.0041510416666666215
0 0.2690092592592592 0.5108177083333333 0.01414814814814815 0.004317708333333314
0 0.25170370370370365 0.5493489583333333 0.009027777777777777 0.008046874999999964
0 0.09371296296296296 0.547359375 0.006472222222222218 0.005760416666666579
0 0.05999074074074074 0.5470624999999999 0.0040648148148148084 0.0061822916666665504
0 0.3095833333333333 0.5862239583333333 0.01159259259259255 0.005250000000000021
0 0.44815740740740734 0.5410052083333333 0.008129629629629657 0.00728124999999995
0 0.01626851851851852 0.5785416666666666 0.008703703703703703 0.00798958333333335
0 0.06838888888888889 0.6350572916666666 0.011685185185185196 0.004770833333333257
0 0.12533333333333335 0.6305468750000001 0.008703703703703682 0.002963541666666636
0 0.08408333333333333 0.6786197916666666 0.01237037037037039 0.006572916666666551
0 0.054074074074074066 0.6781041666666667 0.01008333333333334 0.005286458333333322
0 0.06495370370370371 0.6919583333333332 0.01123148148148147 0.008505208333333236
0 0.07475 0.69759375 0.006981481481481468 0.002380208333333478
0 0.1333611111111111 0.7139687499999999 0.010009259259259275 0.005020833333333208
0 0.11294444444444446 0.7161510416666667 0.011583333333333338 0.004635416666666714
0 0.09449999999999999 0.7170885416666666 0.013935185185185193 0.0076197916666666645
0 0.11795370370370371 0.7342552083333332 0.012564814814814834 0.004635416666666714
0 0.1575 0.72509375 0.015111111111111105 0.005296874999999979
0 0.19371296296296295 0.7019895833333333 0.010990740740740771 0.003916666666666657
0 0.3091851851851852 0.6714895833333333 0.012212962962962988 0.008468750000000113
0 0.5144166666666666 0.7126874999999999 0.015407407407407448 0.008421874999999978
0 0.4331203703703703 0.779375 0.009314814814814712 0.004786458333333421
0 0.33648148148148144 0.78734375 0.012694444444444505 0.0048697916666666785
0 0.428462962962963 0.8021406249999998 0.009249999999999956 0.004250000000000043
0 0.33199074074074075 0.7971874999999999 0.012592592592592588 0.004520833333333307
0 0.6927592592592592 0.7671093749999999 0.011907407407407315 0.008703125000000079
0 0.6177870370370371 0.7571041666666667 0.01198148148148148 0.0059322916666666005
0 0.6290092592592592 0.7445625 0.01198148148148148 0.005505208333333478
0 0.5948055555555556 0.7465052083333333 0.013046296296296273 0.00486458333333335
0 0.5952962962962962 0.7376927083333332 0.009629629629629714 0.006869791666666636
0 0.7205092592592592 0.75096875 0.01033333333333341 0.0073489583333334
0 0.7620462962962963 0.6936979166666667 0.013453703703703784 0.00564583333333335
0 0.8316481481481481 0.7227604166666667 0.009944444444444558 0.0055364583333334496
0 0.8317962962962963 0.7161510416666667 0.005555555555555556 0.004385416666666764
0 0.8412037037037037 0.6768333333333333 0.006824074074073868 0.00625
0 0.7150092592592592 0.6537499999999999 0.00945370370370371 0.003947916666666629
0 0.8065925925925926 0.6405052083333332 0.0066296296296296 0.0033437499999999787
0 0.9229444444444445 0.6137708333333334 0.010037037037037067 0.007130208333333421
0 0.8870185185185184 0.5611875 0.006046296296296166 0.006140624999999922
0 0.9273796296296297 0.5067864583333332 0.009555555555555392 0.004166666666666608
0 0.9140555555555554 0.4868072916666666 0.013444444444444533 0.007354166666666551
0 0.4763333333333334 0.44378124999999996 0.011907407407407315 0.007296874999999936
0 0.4690462962962962 0.41057812499999996 0.012703703703703677 0.005807291666666714
0 0.5697685185185185 0.40127083333333335 0.012444444444444496 0.006255208333333329
0 0.9269814814814814 0.394046875 0.008472222222222412 0.006697916666666614
0 0.8015370370370369 0.34623958333333327 0.0069907407407406984 0.006437499999999918
0 0.7831018518518518 0.3055572916666666 0.007629629629629638 0.004468749999999933
0 0.5969444444444445 0.24997916666666664 0.011129629629629613 0.00813541666666664
0 0.5781018518518519 0.20660937499999998 0.012879629629629758 0.006526041666666682
0 0.4922592592592592 0.22409374999999998 0.011601851851851879 0.005364583333333339
0 0.4738148148148148 0.23423958333333333 0.012555555555555506 0.005989583333333303
0 0.3035833333333333 0.21242187499999998 0.010870370370370353 0.004619791666666639
0 0.38712037037037034 0.285234375 0.010027777777777816 0.0048229166666666325
0 0.2561111111111111 0.34984375 0.010638888888888923 0.003739583333333396
0 0.229537037037037 0.7705052083333332 0.010509259259259255 0.003984375000000107