0 0.43013888888888885 0.16706770833333331 0.017425925925926025 0.010041666666666638
0 0.39749074074074076 0.19258333333333333 0.01134259259259254 0.003661458333333334
0 0.37963888888888886 0.18402083333333333 0.00420370370370367 0.004723958333333345
0 0.2974722222222222 0.191234375 0.01174074074074072 0.0065468750000000405
0 0.2546481481481481 0.21708854166666666 0.013731481481481546 0.006369791666666647
0 0.18274999999999997 0.24830729166666665 0.005768518518518562 0.003833333333333311
0 0.1286296296296296 0.26200520833333335 0.0147962962962963 0.005734375000000025
0 0.12571296296296297 0.31297916666666664 0.00931481481481483 0.007687500000000025
0 0.24287037037037038 0.30628124999999995 0.009611111111111133 0.005958333333333332
0 0.22308333333333333 0.33691145833333336 0.008481481481481505 0.009276041666666669
0 0.0914537037037037 0.3521875 0.010509259259259255 0.008645833333333287
0 0.11947222222222222 0.35354166666666664 0.005694444444444437 0.004375000000000018
0 0.06948148148148149 0.3740989583333333 0.008490740740740736 0.006562499999999982
0 0.08267592592592593 0.38226041666666666 0.0064074074074074025 0.005020833333333386
0 0.11717592592592592 0.4106249999999999 0.009388888888888915 0.006781250000000049
0 0.10985185185185185 0.4175364583333333 0.007796296296296272 0.0056927083333333075
0 0.14408333333333334 0.43021875 0.012453703703703706 0.004609374999999893
0 0.23022222222222222 0.43499479166666666 0.012120370370370321 0.006145833333333251
0 0.08574999999999999 0.5290781250000001 0.008472222222222225 0.0070677083333333
0 0.05203703703703704 0.5471614583333333 0.010620370370370363 0.007614583333333336
0 0.06023148148148147 0.5878177083333332 0.007564814814814803 0.006208333333333371
0 0.0939074074074074 0.5881093749999999 0.005620370370370351 0.004531249999999964
0 0.09328703703703703 0.5932864583333333 0.008953703703703693 0.006598958333333372
0 0.15150925925925926 0.627765625 0.00778703703703706 0.006890624999999951
0 0.1399537037037037 0.6305729166666667 0.011435185185185206 0.004838541666666707
0 0.07478703703703703 0.6415208333333333 0.009083333333333343 0.007755208333333208
0 0.07859259259259258 0.6597500000000001 0.008601851851851845 0.007072916666666628
0 0.10483333333333332 0.6874635416666667 0.004787037037037025 0.002921875000000007
0 0.1459537037037037 0.7097291666666667 0.01225000000000003 0.0063854166666667215
0 0.1925925925925926 0.7378802083333333 0.008194444444444492 0.007390625000000028
0 0.19741666666666666 0.736578125 0.010055555555555568 0.006526041666666771
0 0.16387962962962963 0.7324531249999999 0.007222222222222246 0.003468749999999865
0 0.19385185185185183 0.7220729166666666 0.0042222222222222505 0.003880208333333179
0 0.23234259259259257 0.7100937500000001 0.01046296296296292 0.004927083333333293
0 0.27605555555555555 0.7573177083333332 0.011435185185185206 0.005567708333333421
0 0.31032407407407403 0.776203125 0.011027777777777775 0.007390625000000028
0 0.3308425925925926 0.7624270833333332 0.010055555555555568 0.00529166666666665
0 0.37277777777777776 0.7678541666666666 0.009731481481481473 0.00803124999999998
0 0.38722222222222213 0.7937916666666667 0.011027777777777695 0.005338541666666608
0 0.4437129629629629 0.795296875 0.004620370370370432 0.005062499999999836
0 0.49679629629629624 0.7969635416666667 0.011518518518518622 0.004380208333333258
0 0.699 0.7920572916666666 0.012324074074074076 0.004791666666666572
0 0.7330277777777777 0.7638385416666666 0.013546296296296292 0.006020833333333364
0 0.6545925925925926 0.7189218749999999 0.009648148148148215 0.006890624999999951
0 0.6409722222222223 0.7007656250000001 0.013055555555555523 0.00560937500000005
0 0.8572685185185185 0.6998749999999999 0.007787037037037218 0.005213541666666721
0 0.8699722222222223 0.647828125 0.00635185185185176 0.0042708333333331796
0 0.9611018518518518 0.5966197916666667 0.012990740740740926 0.00610937499999995
0 0.779287037037037 0.46611979166666667 0.01324999999999995 0.004536458333333293
0 0.9856759259259259 0.435921875 0.00829629629629633 0.005833333333333357
0 0.959675925925926 0.27255729166666665 0.011166666666666616 0.008442708333333382
0 0.8513055555555554 0.24790104166666665 0.009703703703703721 0.008124999999999983
0 0.732435185185185 0.2659270833333333 0.01072222222222226 0.004567708333333353
0 0.7385833333333333 0.27484375 0.010379629629629664 0.007932291666666647
0 0.722111111111111 0.32891666666666663 0.01173148148148155 0.005776041666666653
0 0.6638888888888889 0.33253645833333334 0.006768518518518521 0.006156249999999997
0 0.26478703703703704 0.423734375 0.009620370370370383 0.003854166666666714
0 0.38289814814814804 0.43396875 0.01366666666666671 0.005124999999999958
0 0.4214907407407407 0.4350260416666666 0.011962962962962977 0.004364583333333449
0 0.3979907407407407 0.49215625 0.012675925925925924 0.0039270833333333146
0 0.5071018518518517 0.48795312499999993 0.009611111111111213 0.008328125000000065
0 0.512787037037037 0.58753125 0.009287037037036958 0.007411458333333343
0 0.4555833333333333 0.6276666666666666 0.011601851851851879 0.007546874999999886
0 0.21081481481481482 0.6849739583333333 0.008379629629629666 0.005781249999999893
0 0.26726851851851846 0.6653020833333334 0.010648148148148174 0.006640625
0 0.5791388888888889 0.7251145833333333 0.01199074074074073 0.005963541666666572
0 0.5392592592592592 0.7284114583333332 0.01185185185185181 0.005572916666666572
0 0.8093055555555555 0.191859375 0.013203703703703695 0.008203125
0 0.6200648148148147 0.18598958333333332 0.012925925925926013 0.005744791666666638
0 0.4849444444444444 0.176484375 0.012824074074073937 0.006171875000000026
0 0.5516666666666665 0.19204166666666667 0.008907407407407359 0.0034218750000000408
0 0.5501388888888888 0.220828125 0.015425925925925949 0.004036458333333303
0 0.43259259259259253 0.259625 0.010342592592592502 0.0067499999999999895
0 0.2561851851851852 0.27983333333333327 0.00841666666666667 0.01008333333333331