0 0.367824074074074 0.25564062499999995 0.01364814814814821 0.00902083333333339
0 0.3294537037037037 0.258578125 0.010555555555555509 0.006760416666666646
0 0.29819444444444443 0.254578125 0.010666666666666677 0.007281250000000039
0 0.3198148148148148 0.2598333333333333 0.013305555555555534 0.008114583333333324
0 0.3281851851851852 0.3246354166666666 0.012157407407407403 0.009187500000000081
0 0.1907685185185185 0.3159635416666666 0.011009259259259272 0.008234374999999971
0 0.19420370370370368 0.3061510416666666 0.007796296296296311 0.005510416666666629
0 0.13455555555555554 0.38171875 0.01376851851851851 0.007197916666666604
0 0.21675 0.46033854166666666 0.01364814814814813 0.0076458333333333075
0 0.11620370370370368 0.33525520833333333 0.008722222222222223 0.005640624999999932
0 0.032749999999999994 0.44698958333333333 0.016629629629629623 0.007276041666666622
0 0.027416666666666666 0.5199635416666666 0.013537037037037033 0.008427083333333307
0 0.07605555555555556 0.6002604166666666 0.011703703703703718 0.008354166666666708
0 0.10088888888888888 0.6032604166666666 0.013879629629629638 0.008546874999999865
0 0.1358148148148148 0.5871614583333333 0.012851851851851847 0.0073281250000000854
0 0.14080555555555554 0.6126406249999999 0.013879629629629638 0.00795312500000005
0 0.17589814814814814 0.6952291666666666 0.01530555555555557 0.007010416666666686
0 0.21793518518518518 0.7199010416666667 0.014648148148148169 0.007807291666666494
0 0.22037037037037036 0.6334791666666666 0.010824074074074099 0.007765624999999865
0 0.27032407407407405 0.6075416666666666 0.015703703703703713 0.006656250000000164
0 0.3381296296296296 0.63959375 0.016120370370370316 0.005833333333333179
0 0.3645555555555556 0.6411927083333333 0.011648148148148133 0.0060000000000000496
0 0.3495462962962963 0.691484375 0.01299074074074069 0.008343750000000049
0 0.36656481481481473 0.71075 0.01477777777777776 0.00908333333333342
0 0.36037037037037034 0.752875 0.01224074074074078 0.009192708333333322
0 0.4087407407407407 0.7510260416666666 0.01403703703703706 0.007515624999999915
0 0.4755462962962963 0.758625 0.01597222222222222 0.008604166666666658
0 0.5261481481481481 0.7385208333333333 0.011490740740740869 0.007192708333333364
0 0.6089259259259259 0.71521875 0.016722222222222173 0.007942708333333392
0 0.6904351851851851 0.7457864583333333 0.010361111111111161 0.0076458333333333075
0 0.7908055555555555 0.6942864583333332 0.013453703703703784 0.008015624999999993
0 0.7067314814814815 0.6593645833333334 0.01123148148148153 0.006510416666666607
0 0.7716666666666665 0.6238072916666667 0.009259259259259365 0.004973958333333428
0 0.9137685185185185 0.6185989583333333 0.011231481481481688 0.010395833333333293
0 0.9105555555555555 0.5873489583333333 0.012222222222222159 0.008723958333333393
0 0.9433981481481482 0.5217604166666666 0.009009259259259276 0.00713541666666675
0 0.9371574074074074 0.43505729166666657 0.015064814814814692 0.006229166666666686
0 0.8356759259259259 0.33390624999999996 0.012842592592592596 0.006010416666666618
0 0.8219166666666666 0.32790104166666667 0.014194444444444482 0.006916666666666682
0 0.6383981481481481 0.2914791666666666 0.016712962962962923 0.008843750000000039
0 0.4093148148148148 0.5416927083333333 0.013083333333333277 0.007718750000000085
0 0.39187037037037037 0.4491197916666666 0.015259259259259276 0.010812499999999937
0 0.5002407407407407 0.46138020833333326 0.01289814814814826 0.010807291666666607
0 0.5927129629629629 0.36173958333333334 0.013629629629629707 0.008338541666666633
0 0.432537037037037 0.47990625 0.011518518518518622 0.008203125
0 0.3553518518518518 0.44505729166666663 0.010796296296296267 0.004536458333333293
0 0.6210833333333332 0.63509375 0.00865740740740727 0.004312500000000163