0 0.40549999999999997 0.34730208333333334 0.013222222222222198 0.005630208333333275
0 0.24213888888888885 0.33868229166666663 0.007787037037036981 0.004380208333333346
0 0.3356203703703704 0.38997916666666665 0.0079074074074074 0.006463541666666739
0 0.12327777777777776 0.2809270833333333 0.009000000000000025 0.0076666666666667105
0 0.20664814814814814 0.2759739583333333 0.010416666666666666 0.007156249999999975
0 0.1661574074074074 0.2581822916666666 0.008351851851851834 0.006578124999999968
0 0.17271296296296296 0.2651979166666666 0.009898148148148146 0.004411458333333318
0 0.22323148148148148 0.2498333333333333 0.008351851851851834 0.003036458333333325
0 0.3617777777777778 0.20552604166666666 0.01187962962962972 0.00501041666666664
0 0.45109259259259255 0.21996874999999996 0.016268518518518564 0.005885416666666643
0 0.41191666666666665 0.24036979166666664 0.016546296296296246 0.006442708333333336
0 0.36304629629629626 0.250078125 0.008768518518518596 0.010104166666666626
0 0.5295833333333333 0.25381770833333334 0.0074999999999999685 0.0027864583333333747
0 0.4759814814814814 0.28190104166666663 0.008629629629629676 0.007874999999999943
0 0.4381481481481481 0.2854010416666667 0.008481481481481505 0.0056458333333332614
0 0.6097592592592592 0.26973437499999997 0.013462962962962876 0.006026041666666604
0 0.7546666666666665 0.2285833333333333 0.015157407407407201 0.007000000000000029
0 0.7702870370370369 0.24334375000000003 0.005083333333333447 0.0032552083333333036
0 0.7789166666666666 0.2694270833333333 0.008388888888888838 0.008906249999999982
0 0.7110740740740741 0.317765625 0.012685185185185254 0.0052343749999999465
0 0.7581944444444444 0.38105208333333335 0.006731481481481359 0.003453125000000057
0 0.810287037037037 0.3823958333333334 0.009000000000000025 0.0066250000000000146
0 0.8526759259259259 0.4165052083333333 0.008324074074074083 0.006906249999999936
0 0.9345833333333333 0.3793958333333333 0.015833333333333144 0.004416666666666647
0 0.9330092592592593 0.36997395833333335 0.007722222222222146 0.005005208333333311
0 0.9609166666666665 0.6005364583333332 0.00829629629629633 0.005927083333333449
0 0.8584074074074073 0.5862864583333334 0.010425925925925918 0.008197916666666494
0 0.9464537037037037 0.657375 0.007175925925926031 0.00560937500000005
0 0.848212962962963 0.6554166666666668 0.004824074074074107 0.0032135416666667638
0 0.7689814814814814 0.7465885416666667 0.016583333333333408 0.004333333333333478
0 0.7845555555555556 0.7813541666666667 0.010212962962962832 0.004145833333333293
0 0.7694537037037037 0.77990625 0.006712962962962857 0.003010416666666771
0 0.7424074074074074 0.789453125 0.01007407407407407 0.006296875000000135
0 0.6930925925925926 0.80334375 0.014675925925925842 0.0052447916666668705
0 0.6258148148148148 0.7970104166666666 0.013435185185185125 0.0034999999999998366
0 0.5879444444444444 0.8105833333333333 0.005351851851851879 0.004614583333333399
0 0.5556666666666666 0.7998802083333333 0.007462962962962965 0.0030781249999999537
0 0.5202870370370369 0.790328125 0.014055555555555562 0.006088541666666636
0 0.496037037037037 0.8140104166666667 0.012064814814814737 0.007833333333333314
0 0.42825925925925923 0.7845572916666665 0.004351851851851841 0.0026562499999998935
0 0.3834814814814815 0.7903645833333333 0.008333333333333333 0.0064375000000000075
0 0.35114814814814815 0.7675260416666667 0.007833333333333393 0.003010416666666771
0 0.31999074074074074 0.7943854166666666 0.011694444444444467 0.003848958333333208
0 0.31446296296296294 0.8063125 0.011814814814814806 0.003916666666666657
0 0.3021481481481481 0.7990052083333332 0.0058425925925925685 0.003567708333333197
0 0.3521666666666666 0.7281718749999999 0.009759259259259186 0.0035520833333334777
0 0.21360185185185185 0.7404114583333332 0.019194444444444434 0.006244791666666494
0 0.21079629629629626 0.7605000000000001 0.01044444444444442 0.007932291666666735
0 0.22607407407407404 0.77325 0.012277777777777743 0.0049218749999999645
0 0.2113796296296296 0.7737239583333333 0.007444444444444464 0.006171874999999894
0 0.20237037037037034 0.7701979166666666 0.012666666666666673 0.0073489583333334
0 0.18983333333333335 0.7680677083333334 0.009268518518518537 0.008083333333333265
0 0.17572222222222222 0.7518333333333332 0.003527777777777767 0.003968749999999943
0 0.10193518518518518 0.6964947916666666 0.009342592592592583 0.007510416666666764
0 0.11275925925925925 0.6962864583333332 0.0051018518518518305 0.003223958333333421
0 0.16125 0.6897135416666667 0.008657407407407428 0.005286458333333322
0 0.097 0.6807656249999999 0.00625 0.003062500000000057
0 0.20888888888888885 0.6896875 0.007749999999999978 0.005354166666666771
0 0.1536574074074074 0.6492083333333334 0.011018518518518485 0.0033645833333332932
0 0.1683425925925926 0.6616406249999999 0.00040740740740739215 0.0008437499999999432
0 0.1314074074074074 0.642359375 0.00932407407407408 0.006505208333333279
0 0.11037962962962962 0.6423854166666667 0.012000000000000021 0.007041666666666657
0 0.05620370370370371 0.6054791666666667 0.004842592592592589 0.005213541666666721
0 0.05252777777777777 0.5981979166666667 0.008518518518518528 0.00756250000000005
0 0.05841666666666667 0.5918333333333333 0.009101851851851863 0.007890625000000106
0 0.10869444444444443 0.5719635416666666 0.003925925925925947 0.005354166666666771
0 0.1733148148148148 0.5072916666666666 0.008055555555555531 0.007343749999999894
0 0.10546296296296297 0.46950000000000003 0.010657407407407386 0.00475520833333345
0 0.03754629629629629 0.4598958333333333 0.007296296296296292 0.0069010416666666075
0 0.045 0.42964062499999994 0.010972222222222215 0.007265624999999965
0 0.13810185185185186 0.41374999999999995 0.013296296296296322 0.005046875000000029
0 0.3259074074074074 0.5492083333333333 0.01237037037037041 0.006765624999999886
0 0.40444444444444444 0.5435833333333333 0.007796296296296311 0.005625000000000035
0 0.4598425925925926 0.46915104166666666 0.012203703703703658 0.004859375000000022
0 0.389787037037037 0.44308333333333333 0.015083333333333353 0.005526041666666615
0 0.543787037037037 0.7142604166666666 0.011166666666666616 0.00560937500000005