0 0.7106532118055556 0.09504243827160493 0.009259982638888964 0.01311342592592592
0 0.70341796875 0.08615354938271605 0.008365885416666784 0.013294753086419744
0 0.7227018229166667 0.11712191358024691 0.012521701388888928 0.007889660493827182
0 0.7041818576388889 0.10851466049382717 0.0038932291666665007 0.016493055555555556
0 0.69560546875 0.13775462962962964 0.01325954861111125 0.008182870370370389
0 0.7504448784722223 0.15032407407407408 0.008411458333333321 0.00839120370370369
0 0.758029513888889 0.15491898148148148 0.003311631944444571 0.01663966049382716
0 0.7524327256944445 0.1651388888888889 0.011987847222222214 0.009402006172839508
0 0.7409722222222223 0.17609182098765433 0.008146701388888821 0.009645061728395079
0 0.7470659722222223 0.18124228395061728 0.007881944444444322 0.007141203703703683
0 0.74302734375 0.19431327160493833 0.004305555555555607 0.012646604938271603
0 0.7687912326388889 0.20318672839506174 0.004967447916666678 0.018024691358024668
0 0.7754817708333334 0.182962962962963 0.003444010416666643 0.013221450617283952
0 0.7782638888888889 0.21097222222222223 0.005034722222222144 0.017708333333333333
0 0.7630620659722223 0.2164506172839506 0.00960503472222225 0.008877314814814794
0 0.7722352430555556 0.2211882716049383 0.004902343750000071 0.014232253086419809
0 0.7618706597222222 0.23614583333333333 0.004305555555555607 0.011172839506172889
0 0.7923046875 0.23181327160493828 0.005299479166666643 0.018290895061728443
0 0.7423806423611111 0.15794753086419752 0.00569878472222225 0.007160493827160468
0 0.7375911458333334 0.15888888888888889 0.007061631944444357 0.0060956790123456745
0 0.7321006944444445 0.16779706790123458 0.006877170138888822 0.01504629629629631
0 0.7169162326388889 0.18777006172839508 0.004476996527777821 0.013152006172839492
0 0.7051258680555555 0.17743055555555556 0.003875868055555465 0.007237654320987651
0 0.7085872395833334 0.17506944444444444 0.005815972222222321 0.011134259259259278
0 0.7047113715277777 0.19041666666666665 0.005815972222222321 0.00859567901234565
0 0.6935416666666667 0.20157793209876546 0.00673828125 0.00974922839506173
0 0.6901497395833334 0.21911651234567905 0.004108072916666749 0.0140625
0 0.6807356770833334 0.19191358024691357 0.007430555555555429 0.00543595679012346
0 0.6831705729166667 0.1530632716049383 0.007037760416666749 0.006500771604938294
0 0.6877973090277778 0.12916666666666668 0.005075954861111143 0.011628086419753063
0 0.6803190104166666 0.06863811728395061 0.0065538194444444645 0.008055555555555552
0 0.6608680555555556 0.08229938271604938 0.009921875000000035 0.010435956790123452
0 0.6627365451388889 0.10068287037037038 0.007013888888888787 0.00995370370370369
0 0.6530924479166667 0.11540895061728396 0.011814236111110965 0.00971064814814812
0 0.6544487847222222 0.16067515432098767 0.00593532986111125 0.010852623456790136
0 0.6422222222222222 0.06806327160493827 0.0095008680555555 0.0078780864197531
0 0.6300368923611112 0.05040895061728395 0.006178385416666643 0.009421296296296294
0 0.6005772569444445 0.07383873456790123 0.010863715277777786 0.010590277777777778
0 0.6212413194444444 0.0835648148148148 0.008114149305555606 0.011149691358024672
0 0.6010481770833334 0.08842978395061729 0.008192274305555535 0.00896604938271605
0 0.5895963541666667 0.08714891975308642 0.006649305555555607 0.012268518518518531
0 0.5654622395833334 0.11314043209876543 0.0061241319444445 0.011763117283950603
0 0.5717968750000001 0.06060185185185186 0.013454861111111072 0.011940586419753076
0 0.5923697916666667 0.04251929012345679 0.008899739583333321 0.009000771604938274
0 0.5866775173611111 0.031138117283950616 0.010078124999999893 0.01053240740740741
0 0.5804079861111111 0.04249614197530864 0.0105750868055555 0.008121141975308646
0 0.5623480902777779 0.06360339506172841 0.004763454861111072 0.010686728395061726
0 0.5563802083333333 0.03721836419753087 0.010416666666666607 0.012079475308641976
0 0.5261480034722222 0.04487268518518519 0.01151692708333325 0.009799382716049385
0 0.5290125868055556 0.05851080246913581 0.010182291666666643 0.009155092592592595
0 0.8027712673611112 0.28103780864197536 0.011323784722222285 0.00971836419753092
0 0.772756076388889 0.3001195987654321 0.008003472222222285 0.010636574074074033
0 0.7809722222222222 0.3136689814814815 0.0070681423611111075 0.01049382716049381
0 0.7527473958333333 0.2875501543209877 0.00860026041666675 0.0072955246913580475
0 0.7579839409722222 0.31843364197530866 0.004257812500000036 0.012754629629629635
0 0.7818641493055556 0.35815200617283954 0.006234809027777644 0.012677469135802413
0 0.7400629340277778 0.3339969135802469 0.0094444444444445 0.012793209876543206
0 0.6939518229166667 0.26560570987654325 0.008018663194444465 0.02540509259259254
0 0.6977452256944445 0.28608024691358025 0.005149739583333179 0.01185185185185189
0 0.6819227430555557 0.24206018518518518 0.008648003472222322 0.009344135802469112
0 0.6507899305555556 0.2229050925925926 0.00675998263888875 0.016319444444444445
0 0.6346158854166667 0.22587577160493827 0.007823350694444463 0.01597222222222222
0 0.8052582465277778 0.37054783950617287 0.0051974826388889285 0.016836419753086477
0 0.8110546875000001 0.3990856481481482 0.009986979166666642 0.013094135802469174
0 0.8049913194444445 0.4386998456790123 0.014680989583333215 0.007646604938271651
0 0.8082356770833334 0.467716049382716 0.009828559027777928 0.009328703703703587
0 0.8163628472222223 0.4672685185185186 0.0030251736111111425 0.01538194444444435
0 0.8191514756944445 0.4811072530864198 0.005512152777777857 0.01572916666666673
0 0.7866558159722222 0.4513310185185185 0.00516710069444457 0.016774691358024698
0 0.7724956597222222 0.4513580246913581 0.00507161458333325 0.017164351851851715
0 0.7585872395833334 0.49196373456790127 0.009765625 0.008545524691358095
0 0.7787478298611111 0.5136149691358025 0.008884548611110965 0.009286265432098793
0 0.7537673611111112 0.5218711419753087 0.005418836805555572 0.015601851851851874
0 0.7820247395833334 0.555 0.010332031249999929 0.007712191358024572
0 0.7697070312500001 0.5690856481481481 0.007434895833333321 0.018410493827160382
0 0.802092013888889 0.5920486111111111 0.006425781249999929 0.013256172839506222
0 0.8068815104166667 0.5579359567901234 0.004283854166666501 0.011566358024691366
0 0.8107074652777777 0.5255902777777778 0.007591145833333357 0.017218364197530887
0 0.7968185763888889 0.6346103395061728 0.0068858506944443395 0.015910493827160446
0 0.7974544270833335 0.6498688271604939 0.009429253472222144 0.007249228395061714
0 0.7976128472222224 0.6615779320987655 0.007981770833333356 0.015486111111111079
0 0.7918576388888889 0.6697145061728396 0.006497395833333286 0.013040123456790158
0 0.7676323784722222 0.7003125 0.0038129340277777146 0.015787037037037047
0 0.7675976562500001 0.7224151234567902 0.014338107638888787 0.011469907407407555
0 0.7817751736111112 0.727692901234568 0.003919270833333499 0.022025462962962983
0 0.7859071180555557 0.7235725308641976 0.0036371527777777856 0.023761574074074095
0 0.7645963541666667 0.7389583333333334 0.014902343750000036 0.008391203703703809
0 0.7552387152777778 0.7509837962962963 0.01059461805555557 0.009467592592592508
0 0.7554861111111112 0.7560300925925927 0.010099826388888821 0.009066358024691428
0 0.7623177083333335 0.7747762345679013 0.00801649305555543 0.02013888888888889
0 0.7489344618055556 0.7282484567901234 0.004767795138888964 0.02238811728395073
0 0.7597591145833333 0.7011188271604938 0.010099826388888821 0.013703703703703714
0 0.75068359375 0.6937731481481482 0.004874131944444393 0.01219521604938273
0 0.7467100694444445 0.7087847222222223 0.004767795138888964 0.007557870370370365
0 0.7386414930555556 0.7322993827160494 0.008546006944444429 0.006373456790123555
0 0.7171354166666667 0.7293171296296297 0.004730902777777856 0.01284336419753092
0 0.7052170138888889 0.7329243827160495 0.005473090277777893 0.011022376543209905
0 0.69806640625 0.7659182098765432 0.010028211805555642 0.006944444444444444
0 0.7273046875 0.8156751543209877 0.010453559027777715 0.011535493827160319
0 0.7287543402777777 0.8047800925925925 0.006569010416666821 0.008950617283950477
0 0.7132335069444444 0.8386766975308642 0.004978298611110965 0.013850308641975239
0 0.6908615451388889 0.8627893518518519 0.004097222222222285 0.016867283950617522
0 0.69751953125 0.8752816358024691 0.005755208333333428 0.01146990740740724
0 0.6757139756944445 0.8981327160493827 0.007486979166666607 0.012600308641975113
0 0.6686870659722223 0.8916010802469138 0.004448784722222143 0.012341820987654097
0 0.6732769097222222 0.8486188271604939 0.010240885416666502 0.007743055555555303
0 0.6832530381944444 0.8282484567901236 0.005262586805555536 0.016720679012345842
0 0.6784331597222222 0.8391743827160494 0.006569010416666821 0.011701388888888825
0 0.6633723958333334 0.8237615740740741 0.00907552083333325 0.0069907407407406984
0 0.7243836805555556 0.8266550925925926 0.006358506944444464 0.006878858024691365
0 0.6156597222222222 0.9221064814814814 0.0084678819444445 0.008850308641975049
0 0.6059635416666668 0.9146797839506173 0.004322916666666643 0.011030092592592508
0 0.5534136284722223 0.9183912037037038 0.009782986111111036 0.008800154320987809
0 0.5428862847222222 0.9167824074074075 0.004672309027777643 0.012434413580246604
0 0.5211002604166667 0.9158217592592592 0.00455512152777775 0.013317901234567999
0 0.6107855902777778 0.883263888888889 0.00556640625 0.011539351851851936
0 0.77080078125 0.6196141975308642 0.007298177083333357 0.012118055555555429
0 0.7569249131944444 0.6200308641975308 0.008409288194444465 0.006539351851851747
0 0.7553689236111111 0.6381404320987655 0.009628906250000036 0.007137345679012381
0 0.7380381944444445 0.6788888888888889 0.01026909722222218 0.008414351851851779
0 0.7651041666666667 0.4440895061728395 0.008760850694444499 0.012303240740740762
0 0.776171875 0.4259413580246914 0.005674913194444286 0.016720679012345682
0 0.7564583333333335 0.42913194444444447 0.005010850694444536 0.015300925925925905
0 0.7525086805555555 0.4566859567901235 0.00521050347222225 0.015547839506172858
0 0.7119053819444445 0.5043942901234568 0.011436631944444465 0.01290509259259254
0 0.7032573784722222 0.5156211419753087 0.011579861111111001 0.008418209876543238
0 0.6865581597222222 0.7128935185185185 0.006896701388888893 0.011655092592592571
0 0.6485525173611112 0.701971450617284 0.010251736111111142 0.009965277777777715
0 0.6999001736111111 0.6109066358024692 0.005149739583333179 0.010061728395061682
0 0.6958485243055555 0.49866512345679015 0.004997829861111036 0.008113425925925968
0 0.7126410590277777 0.46231095679012346 0.003823784722222179 0.011736111111111175
0 0.6540668402777778 0.45733410493827165 0.009351128472222215 0.01026234567901238
0 0.6251584201388889 0.5153240740740741 0.011282552083333286 0.008711419753086444
0 0.5185481770833333 0.5676890432098766 0.005609809027777857 0.01755401234567905
0 0.68064453125 0.35826774691358027 0.008667534722222214 0.01304398148148146
0 0.6189366319444445 0.38623842592592594 0.009027777777777857 0.013449074074074
0 0.6051779513888889 0.2994791666666667 0.006406250000000035 0.020108024691358
0 0.5907986111111112 0.2960956790123457 0.006137152777777643 0.016685956790123493
0 0.6014366319444445 0.20449845679012343 0.008064236111111001 0.006477623456790127
0 0.5541145833333334 0.12616512345679012 0.010043402777777644 0.010354938271604969
0 0.5285937500000001 0.13976466049382716 0.00712022569444457 0.016763117283950635
0 0.5319487847222222 0.12153935185185184 0.00955729166666668 0.008294753086419762
0 0.5254470486111111 0.1004783950617284 0.01116753472222225 0.011747685185185198
0 0.5203862847222223 0.09131558641975308 0.004197048611111143 0.013807870370370375
0 0.5212868923611111 0.1148726851851852 0.005996093749999964 0.006157407407407413
0 0.5304492187500001 0.11160493827160493 0.008732638888888821 0.005972222222222238
0 0.5056032986111112 0.10451388888888889 0.006332465277777821 0.017820216049382744
0 0.69658203125 0.4509490740740741 0.004830729166666714 0.006091820987654254
0 0.6440928819444445 0.39128858024691365 0.003161892361111107 0.007962962962962984
0 0.6524392361111111 0.3682523148148148 0.004743923611111001 0.010621141975308666
0 0.6265234375000001 0.44462191358024694 0.003161892361111107 0.004058641975308635
0 0.50828125 0.02389274691358025 0.005974392361111036 0.007808641975308639
0 0.4919422743055556 0.030922067901234574 0.004919704861111107 0.016242283950617283
0 0.48162109375 0.024911265432098765 0.004305555555555607 0.007654320987654324
0 0.5025282118055556 0.07738425925925928 0.004479166666666678 0.007029320987654309
0 0.4955013020833333 0.05458333333333333 0.005358072916666501 0.006404320987654325
0 0.4728363715277778 0.06777777777777778 0.004305555555555607 0.009996141975308643
0 0.45083116319444444 0.028892746913580247 0.0045681423611110715 0.006871141975308643
0 0.4364887152777778 0.035679012345679016 0.003283420138888893 0.003892746913580246
0 0.4192013888888889 0.05278549382716049 0.0024631076388889283 0.0040547839506172734
0 0.41461805555555553 0.031419753086419755 0.0035112847222221076 0.006890432098765439
0 0.4068641493055556 0.03154320987654321 0.0037847222222222145 0.004702932098765434
0 0.39680772569444445 0.07796296296296297 0.00364800347222225 0.0049459876543209765
0 0.3831011284722222 0.047229938271604946 0.005700954861111107 0.012893518518518516
0 0.3858159722222222 0.07820601851851852 0.003374565972222232 0.004621913580246921
0 0.43099175347222224 0.10139660493827161 0.006705729166666607 0.007380401234567913
0 0.44666015625 0.09742283950617284 0.005564236111111143 0.004621913580246921
0 0.46038845486111113 0.13488425925925926 0.0045616319444445 0.005270061728395032
0 0.3706271701388889 0.07274691358024692 0.006519097222222214 0.00825231481481481
0 0.37493489583333334 0.09298225308641975 0.003498263888888875 0.007334104938271619
0 0.3744574652777778 0.1143287037037037 0.004605034722222179 0.012573302469135801
0 0.35699869791666666 0.11504629629629629 0.002688802083333286 0.0048456790123456665
0 0.3603689236111111 0.0930787037037037 0.003242187499999982 0.005173611111111103
0 0.36383029513888887 0.07700617283950617 0.0033875868055555534 0.004976851851851845
0 0.3523567708333334 0.0840432098765432 0.0026150173611111604 0.007006172839506182
0 0.3464279513888889 0.10450617283950617 0.003131510416666661 0.004452160493827151
0 0.3353407118055556 0.11135030864197532 0.003205295138888875 0.008445216049382706
0 0.3569791666666667 0.1401273148148148 0.0035351562499999823 0.00550154320987654
0 0.3480859375 0.16625385802469136 0.003498263888888875 0.007465277777777778
0 0.36465928819444443 0.1823958333333333 0.002467447916666643 0.005956790123456793
0 0.31681423611111115 0.19005401234567904 0.005930989583333357 0.008055555555555571
0 0.33618706597222225 0.20763503086419755 0.004383680555555536 0.006678240740740746
0 0.3074587673611111 0.20707947530864199 0.004971788194444393 0.005698302469135778
0 0.31583767361111115 0.21310570987654323 0.003461371527777768 0.004386574074074032
0 0.30587456597222223 0.18841820987654323 0.003498263888888875 0.007006172839506143
0 0.30806640625 0.175516975308642 0.003682725694444411 0.0047800925925925875
0 0.2949717881944445 0.2026929012345679 0.0033506944444444465 0.005567129629629619
0 0.30506510416666666 0.22790123456790126 0.0028363715277778035 0.005567129629629619
0 0.3451193576388889 0.2445331790123457 0.002799479166666696 0.004255401234567873
0 0.3018793402777778 0.2522955246913581 0.0030946180555556425 0.007989969135802492
0 0.2873849826388889 0.25078703703703703 0.003205295138888875 0.004976851851851904
0 0.27974175347222224 0.2221720679012346 0.0030208333333333393 0.005108024691358063
0 0.28259765625 0.18173996913580248 0.003940972222222161 0.005567129629629619
0 0.29858289930555554 0.1545331790123457 0.0035720486111110892 0.008379629629629627
0 0.2675542534722223 0.18846064814814814 0.0025412326388888572 0.005273919753086413
0 0.26630425347222225 0.17469907407407406 0.0028884548611110895 0.0065046296296296345
0 0.2575998263888889 0.2400192901234568 0.0045052083333334105 0.006504629629629556
0 0.2533832465277778 0.25497685185185187 0.003311631944444482 0.004382716049382651
0 0.26335720486111114 0.2670293209876543 0.0035438368055555 0.007669753086419777
0 0.25045572916666664 0.26480324074074074 0.0034657118055554824 0.007326388888888857
0 0.2874479166666667 0.3200925925925926 0.004121093749999982 0.010543981481481444
0 0.22601779513888892 0.32180555555555557 0.003196614583333357 0.006026234567901175
0 0.23965277777777777 0.35997685185185185 0.0032747395833333747 0.005547839506172951
0 0.27791449652777783 0.3933217592592593 0.003851996527777768 0.007326388888888857
0 0.28673611111111114 0.3889737654320988 0.0026953125000000354 0.006161265432098793
0 0.25724392361111115 0.4531288580246914 0.0046245659722222495 0.007256944444444476
0 0.24626953125 0.45195987654320996 0.0029926215277777503 0.006207561728395048
0 0.24035156249999998 0.43019675925925926 0.004125434027777786 0.007982253086419809
0 0.22663628472222222 0.4510339506172839 0.004898003472222268 0.00628858024691365
0 0.2486957465277778 0.4691319444444445 0.004670138888888875 0.007820216049382761
0 0.2671744791666667 0.4898881172839506 0.0032638888888889108 0.008545524691358095
0 0.22812934027777781 0.5392901234567902 0.0032443576388888396 0.006489197530864191
0 0.22358072916666666 0.5388271604938272 0.00341796875 0.005767746913580159
0 0.2257834201388889 0.5302777777777778 0.00341796875 0.0055594135802468575
0 0.25828125 0.5360956790123457 0.0021440972222222855 0.005459104938271587
0 0.24284288194444445 0.5334182098765432 0.004171006944444411 0.004220679012345682
0 0.24738932291666668 0.5912461419753087 0.004691840277777715 0.013387345679012223
0 0.25170572916666667 0.6156018518518519 0.004286024305555536 0.006076388888888889
0 0.2500846354166667 0.6294560185185185 0.004982638888888858 0.008649691358024666
0 0.2553559027777778 0.6236381172839506 0.0037065972222221967 0.008753858024691396
0 0.26138020833333336 0.6188464506172839 0.004171006944444411 0.0067978395061727625
0 0.2812803819444445 0.6327006172839507 0.003650173611111107 0.006902006172839492
0 0.30349609375000003 0.6286304012345679 0.01008029513888884 0.00947530864197527
0 0.28730468750000004 0.6169945987654322 0.004112413194444375 0.0055594135802468575
0 0.2982248263888889 0.6043788580246914 0.003012152777777821 0.007106481481481492
0 0.32724609375 0.610300925925926 0.004171006944444411 0.008445216049382667
0 0.2895638020833333 0.5996412037037037 0.0026063368055556425 0.011226851851851747
0 0.34529296875 0.6944907407407407 0.0037651909722222323 0.006489197530864191
0 0.29616753472222224 0.6892901234567902 0.0022591145833333213 0.0067978395061727625
0 0.2782660590277778 0.7155015432098766 0.0030707465277777677 0.007723765432098794
0 0.2753125 0.7314621913580248 0.004809027777777785 0.005871913580246731
0 0.27609375 0.7444907407407408 0.004635416666666714 0.007619598765432064
0 0.3021636284722222 0.7507716049382716 0.004635416666666714 0.0053549382716050154
0 0.25868706597222224 0.7119984567901235 0.006894531250000035 0.007310956790123413
0 0.25234375 0.7219367283950617 0.0037065972222221967 0.008649691358024824
0 0.24301649305555556 0.6976851851851852 0.0035915798611111604 0.009579475308642
0 0.25222656250000003 0.663954475308642 0.002779947916666625 0.005150462962962858
0 0.24909939236111112 0.6551003086419753 0.003938802083333392 0.010505401234567873
0 0.2835959201388889 0.7696219135802469 0.0028385416666666607 0.006385030864197461
0 0.27279296875000003 0.7624614197530865 0.0017382812500000178 0.004429012345678984
0 0.28962022569444446 0.783317901234568 0.003185763888888893 0.006180555555555619
0 0.3020182291666667 0.7998456790123457 0.002953559027777786 0.00710648148148165
0 0.31826822916666664 0.8156018518518519 0.0037065972222221967 0.006076388888888889
0 0.32724609375 0.802422839506173 0.002664930555555589 0.005250771604938286
0 0.32388671875 0.7919675925925926 0.0031271701388888573 0.0055594135802468575
0 0.3350954861111111 0.7782716049382716 0.0023741319444444465 0.0067978395061727625
0 0.35971571180555556 0.7560763888888888 0.002953559027777786 0.004633487654321142
0 0.37225911458333333 0.7800231481481481 0.002549913194444464 0.004120370370370412
0 0.3828298611111111 0.8207021604938274 0.0019118923611110895 0.005972222222222159
0 0.37837022569444445 0.8436689814814815 0.002953559027777786 0.004942129629629714
0 0.3565885416666667 0.8395987654320987 0.0037651909722222323 0.0066936728395063485
0 0.39800781250000006 0.8497453703703705 0.0035329861111111248 0.005972222222222159
0 0.3944466145833333 0.877241512345679 0.004286024305555536 0.008240740740740509
0 0.37141927083333337 0.8677662037037038 0.004229600694444358 0.005767746913580317
0 0.3807443576388889 0.8862538580246915 0.002723524305555625 0.003603395061728381
0 0.34711588541666666 0.8784760802469137 0.00208550347222225 0.007002314814814605
0 0.4052495659722223 0.9061805555555557 0.0066623263888889285 0.008858024691357968
0 0.4267990451388889 0.8992283950617286 0.0020269097222222142 0.006076388888888889
0 0.4290581597222222 0.9048418209876543 0.002953559027777786 0.004533179012345714
0 0.43372178819444446 0.9008757716049384 0.0017382812500001065 0.005663580246913587
0 0.4345334201388889 0.9108140432098766 0.004055989583333286 0.007415123456790222
0 0.44000868055555553 0.9153973765432099 0.005618489583333286 0.009988425925926157
0 0.43667751736111116 0.8642631172839507 0.002317708333333357 0.007827932098765523
0 0.4593858506944445 0.8731211419753087 0.006024305555555642 0.008240740740740509
0 0.46199218750000004 0.9003086419753086 0.0031271701388888573 0.005767746913580317
0 0.4775759548611111 0.9128742283950618 0.0034765625000000356 0.004942129629629714
0 0.4855707465277779 0.9275501543209876 0.0018532986111111428 0.003811728395061841
0 0.4741579861111111 0.8652932098765433 0.002897135416666785 0.006180555555555619
0 0.5024283854166667 0.8714737654320989 0.005212673611111285 0.009475308641975428
0 0.5021375868055555 0.8319791666666666 0.005562065972222285 0.007519290123456636
0 0.4802973090277778 0.8434606481481483 0.0026649305555555003 0.004533179012345714
0 0.5248763020833334 0.8770370370370371 0.0041124131944444645 0.0053549382716050154
0 0.5006032986111112 0.8090625000000001 0.0041124131944444645 0.006589506172839619
0 0.5367795138888889 0.8099382716049383 0.005097656249999893 0.009166666666666856
0 0.5664105902777778 0.8710609567901234 0.0041124131944444645 0.004942129629629714
0 0.5846006944444445 0.9041705246913582 0.0017968749999999645 0.004841820987654286
0 0.6990711805555556 0.8244097222222223 0.002723524305555536 0.004324845679012254
0 0.568088107638889 0.7881905864197531 0.006440972222222285 0.008904320987654223
0 0.46758897569444446 0.7777391975308643 0.005622829861111 0.008360339506172763
0 0.4303233506944445 0.7700154320987654 0.0059288194444444995 0.007816358024691302
0 0.4259722222222223 0.7609837962962964 0.005683593750000071 0.005327932098765271
0 0.4682660590277778 0.7421296296296297 0.003387586805555465 0.004980709876543048
0 0.5446592881944444 0.7052777777777778 0.0045160590277777855 0.013217592592592729
0 0.5767534722222222 0.6883912037037037 0.004943576388888893 0.009344135802469112
0 0.6138802083333335 0.6964467592592594 0.004809027777777785 0.008344907407407396
0 0.3789822048611111 0.6933140432098766 0.0038194444444444643 0.010250771604938317
0 0.43581380208333337 0.6194367283950618 0.004867621527777821 0.008387345679012191
0 0.4635546875 0.5187384259259259 0.006438802083333428 0.009317129629629682
0 0.49900824652777775 0.4911188271604938 0.00516710069444457 0.008919753086419745
0 0.3766232638888889 0.45384645061728396 0.004192708333333339 0.008387345679012191
0 0.3664409722222222 0.4716165123456791 0.0044921875 0.012511574074074064
0 0.3741905381944445 0.43807098765432106 0.0053168402777777676 0.00505787037037035
0 0.4262282986111111 0.4134452160493828 0.0065147569444445 0.010648148148148096
0 0.44026909722222224 0.4101195987654321 0.0029947916666667853 0.007187500000000095
0 0.41773003472222225 0.37970293209876543 0.0028450520833333214 0.008121141975308572
0 0.42952473958333337 0.38416280864197533 0.0023220486111110716 0.0063888888888889205
0 0.3149587673611111 0.5310763888888889 0.0040169270833334105 0.009293981481481556
0 0.28741319444444446 0.5264274691358024 0.004782986111111142 0.00770833333333327
0 0.3242686631944445 0.35633873456790127 0.004398871527777804 0.00872685185185181
0 0.3713563368055556 0.34046682098765435 0.002805989583333268 0.0060069444444444285
0 0.4256401909722222 0.33451003086419756 0.004312065972222179 0.005817901234567873
0 0.4207573784722222 0.3453587962962963 0.004103732638888857 0.0036921296296295873
0 0.4019813368055556 0.26654320987654323 0.003012152777777821 0.009143518518518572
0 0.3571549479166667 0.2750385802469136 0.003116319444444482 0.010435956790123413
0 0.3746592881944445 0.23224151234567902 0.005091145833333322 0.0057253086419752856
0 0.3759852430555556 0.205366512345679 0.003999565972222197 0.00591049382716046
0 0.41634331597222224 0.2116936728395062 0.005974392361111214 0.007665895061728318
0 0.4175889756944445 0.1933641975308642 0.005766059027777892 0.007758487654320984
0 0.5410373263888889 0.33690972222222226 0.005959201388888858 0.011338734567901238
0 0.5249869791666667 0.33198302469135804 0.005646701388888964 0.007434413580246889
0 0.5091644965277778 0.328641975308642 0.0017556423611111427 0.0036188271604939044
0 0.5328862847222222 0.23300540123456795 0.0019422743055555359 0.005752314814814872
0 0.5554144965277777 0.16069444444444445 0.0017816840277777857 0.005007716049382715
0 0.6789778645833333 0.6166126543209877 0.003072916666666714 0.007337962962962921
0 0.6819292534722222 0.3419444444444445 0.0030664062499999646 0.0031327160493826826