0 0.8250462962962962 0.26257291666666666 0.011333333333333447 0.008119791666666654
0 0.6726481481481481 0.260515625 0.013518518518518381 0.006682291666666717
0 0.6640555555555555 0.21924479166666666 0.011694444444444545 0.005552083333333346
0 0.6023796296296297 0.2140052083333333 0.015898148148148217 0.007401041666666686
0 0.4907222222222222 0.22004166666666664 0.013749999999999969 0.0038645833333332824
0 0.3816481481481481 0.22375520833333332 0.012185185185185157 0.006010416666666618
0 0.39206481481481475 0.22835416666666664 0.01186111111111106 0.005588541666666646
0 0.3025092592592592 0.21777083333333333 0.011648148148148213 0.004750000000000032
0 0.2381666666666667 0.2367395833333333 0.011435185185185206 0.005052083333333357
0 0.2513703703703704 0.24172916666666663 0.00726851851851854 0.003968750000000032
0 0.22262037037037036 0.2533333333333333 0.012611111111111089 0.00841666666666665
0 0.24714814814814814 0.259703125 0.012287037037036994 0.005531250000000032
0 0.21780555555555556 0.26348958333333333 0.009407407407407456 0.0046875
0 0.32028703703703704 0.266796875 0.010638888888888923 0.005848958333333343
0 0.198037037037037 0.29834375 0.011185185185185197 0.006640625
0 0.38079629629629624 0.2985208333333333 0.01674074074074083 0.005395833333333311
0 0.1532037037037037 0.2804322916666666 0.01034259259259262 0.006453125000000082
0 0.15442592592592594 0.38517708333333334 0.009407407407407418 0.007510416666666675
0 0.10589814814814816 0.39020312500000004 0.010157407407407407 0.006770833333333304
0 0.08285185185185186 0.4103020833333333 0.01147222222222223 0.0076197916666666645
0 0.11466666666666667 0.47156249999999994 0.00931481481481483 0.004182291666666593
0 0.08512037037037037 0.49773958333333324 0.0054722222222222195 0.003401041666666593
0 0.06468518518518518 0.5022916666666666 0.008583333333333342 0.004598958333333236
0 0.21960185185185183 0.5452083333333333 0.008981481481481444 0.006135416666666771
0 0.23654629629629628 0.5542708333333334 0.010490740740740752 0.006890624999999951
0 0.21716666666666665 0.5595520833333333 0.008805555555555521 0.00330208333333335
0 0.062333333333333324 0.5529947916666667 0.013925925925925913 0.006041666666666679
0 0.0625462962962963 0.5672916666666666 0.011657407407407405 0.007458333333333478
0 0.07403703703703703 0.5716822916666666 0.00830555555555556 0.005286458333333322
0 0.1569722222222222 0.5743958333333332 0.011805555555555555 0.004786458333333421
0 0.18137962962962959 0.598859375 0.006481481481481508 0.005036458333333371
0 0.1034537037037037 0.6071510416666667 0.008129629629629617 0.00642708333333335
0 0.0732037037037037 0.621453125 0.011972222222222228 0.004015625000000078
0 0.13072222222222224 0.6355833333333333 0.007962962962962984 0.007072916666666628
0 0.08924074074074073 0.664203125 0.012592592592592588 0.00639062500000005
0 0.07948148148148149 0.6656875 0.0067777777777777715 0.005348958333333265
0 0.0861574074074074 0.673078125 0.007250000000000008 0.0049635416666667705
0 0.10148148148148148 0.6759062499999999 0.006435185185185175 0.0043906249999999146
0 0.11373148148148146 0.6760416666666667 0.008759259259259267 0.006812500000000022
0 0.12708333333333333 0.6935364583333332 0.01136111111111108 0.006697916666666792
0 0.10877777777777776 0.692015625 0.010879629629629644 0.004734375000000135
0 0.12266666666666666 0.706046875 0.011842592592592599 0.005390624999999894
0 0.16596296296296298 0.7318177083333333 0.008759259259259227 0.007265624999999965
0 0.19073148148148147 0.7518489583333332 0.011638888888888883 0.005156250000000107
0 0.26709259259259255 0.7591979166666667 0.007055555555555534 0.006619791666666685
0 0.29483333333333334 0.7663020833333333 0.012509259259259251 0.006619791666666685
0 0.23457407407407405 0.772296875 0.0069351851851851935 0.0024374999999999146
0 0.32446296296296295 0.7758333333333333 0.007796296296296232 0.006984374999999865
0 0.3184351851851852 0.785109375 0.008731481481481436 0.0035312500000001636
0 0.3689537037037037 0.7828385416666667 0.010175925925925988 0.0037760416666666073
0 0.5034074074074073 0.7875885416666667 0.009166666666666698 0.006781250000000049
0 0.5043055555555556 0.795078125 0.007212962962962877 0.004385416666666764
0 0.5247314814814815 0.7976145833333333 0.01198148148148148 0.003854166666666714
0 0.4233333333333333 0.7654218749999999 0.006064814814814825 0.0056406250000000215
0 0.6329444444444445 0.752859375 0.008731481481481593 0.006656250000000164
0 0.6617407407407406 0.7671666666666667 0.005416666666666635 0.00369270833333335
0 0.6677685185185186 0.77559375 0.01198148148148148 0.006171874999999894
0 0.5611759259259259 0.7271249999999999 0.01010185185185198 0.006984374999999865
0 0.5302129629629629 0.7194322916666666 0.010537037037037086 0.00369270833333335
0 0.28900925925925924 0.722375 0.009972222222222231 0.004854166666666692
0 0.3592777777777777 0.7375729166666667 0.007296296296296292 0.006447916666666664
0 0.3821296296296296 0.5980052083333334 0.013055555555555523 0.0056406250000000215
0 0.7537685185185186 0.7315364583333333 0.005203703703703708 0.005265625000000007
0 0.8106666666666666 0.7199010416666667 0.0066296296296296 0.0060000000000000496
0 0.768074074074074 0.6864739583333332 0.005722222222222386 0.004973958333333428
0 0.8876296296296295 0.657921875 0.008379629629629588 0.0069947916666665225
0 0.8216574074074073 0.6607447916666667 0.010777777777777765 0.004562500000000113
0 0.8176574074074074 0.6461822916666666 0.00534259259259247 0.0025937499999999503
0 0.8367222222222221 0.6256354166666667 0.005527777777777803 0.0023333333333333426
0 0.3160648148148148 0.5376822916666666 0.0065833333333333455 0.006750000000000078
0 0.46668518518518515 0.5133854166666667 0.012805555555555594 0.0045104166666666504
0 0.31000925925925926 0.48388541666666657 0.010083333333333321 0.007057291666666643
0 0.7726759259259258 0.46782812499999993 0.008592592592592672 0.006713541666666778
0 0.5585648148148148 0.5303697916666665 0.009333333333333213 0.0037864583333332646