0 0.7675833333333333 0.284046875 0.011842592592592559 0.007802083333333343
0 0.8090925925925926 0.32452604166666665 0.009277777777777866 0.008104166666666668
0 0.8633981481481481 0.3868489583333333 0.009499999999999887 0.006479166666666725
0 0.9393055555555555 0.4242968749999999 0.008962962962963021 0.007203125000000021
0 0.6355925925925926 0.368765625 0.00764814814814814 0.004843749999999947
0 0.8755462962962963 0.5113749999999999 0.010518518518518425 0.006671874999999971
0 0.9049999999999999 0.5690677083333332 0.0117592592592593 0.0060000000000000496
0 0.8329907407407408 0.5892604166666666 0.008101851851851747 0.006536458333333428
0 0.8826574074074074 0.6004322916666667 0.006064814814814667 0.00783854166666682
0 0.9333333333333333 0.620140625 0.011398148148148202 0.0071145833333332575
0 0.8603425925925925 0.688765625 0.007231481481481537 0.005473958333333506
0 0.898287037037037 0.7152708333333333 0.007111111111111275 0.0037499999999999643
0 0.7896666666666666 0.747234375 0.012703703703703835 0.006494791666666622
0 0.7378240740740741 0.7369114583333333 0.01137037037037045 0.0047499999999999435
0 0.6814907407407407 0.7116979166666667 0.01314814814814819 0.006197916666666714
0 0.6965925925925927 0.7931614583333333 0.014212962962962827 0.004395833333333421
0 0.6626481481481481 0.8112812500000001 0.012796296296296184 0.004447916666666529
0 0.6803796296296295 0.8192760416666666 0.013240740740740699 0.004848958333333186
0 0.580287037037037 0.8289739583333333 0.014398148148148158 0.005447916666666686
0 0.39623148148148146 0.8122812499999998 0.00933333333333337 0.0072447916666664725
0 0.29183333333333333 0.8266979166666666 0.005953703703703657 0.0032968749999998438
0 0.27432407407407405 0.8208020833333333 0.010037037037037067 0.007098958333333271
0 0.21293518518518517 0.8050312500000001 0.008259259259259247 0.004145833333333471
0 0.25220370370370365 0.7823437499999999 0.007194444444444454 0.006744791666666572
0 0.2034259259259259 0.7650729166666667 0.004527777777777765 0.003401041666666771
0 0.1844537037037037 0.7948645833333334 0.008175925925925911 0.0067968750000000355
0 0.20498148148148146 0.7154479166666666 0.0051574074074073745 0.0030989583333331794
0 0.1982685185185185 0.70675 0.011101851851851861 0.006494791666666622
0 0.08991666666666666 0.7464322916666667 0.014574074074074083 0.00454687499999995
0 0.0699537037037037 0.7321197916666666 0.009379629629629625 0.004661458333333179
0 0.09050925925925925 0.7225208333333333 0.008981481481481474 0.00432291666666682
0 0.07339814814814814 0.7259479166666666 0.009675925925925909 0.006119791666666608
0 0.11798148148148146 0.6746458333333333 0.00981481481481481 0.005848958333333343
0 0.03586111111111111 0.6656145833333333 0.010509259259259255 0.0052552083333333496
0 0.02587037037037037 0.6566458333333334 0.01086111111111111 0.007291666666666608
0 0.029907407407407403 0.6376197916666666 0.011685185185185186 0.007359375000000057
0 0.023657407407407405 0.62996875 0.012731481481481479 0.004401041666666572
0 0.014953703703703702 0.6150208333333332 0.014953703703703702 0.006833333333333335
0 0.013027777777777777 0.5902135416666667 0.013666666666666662 0.007161458333333393
0 0.011333333333333334 0.5697812499999999 0.009574074074074072 0.008083333333333265
0 0.06225925925925925 0.5410677083333333 0.0067777777777777715 0.008739583333333379
0 0.1280277777777778 0.5530885416666667 0.008879629629629607 0.006765624999999886
0 0.18912037037037036 0.5526927083333334 0.009111111111111115 0.0057187499999999504
0 0.12375925925925925 0.5023333333333333 0.0068888888888889 0.004598958333333236
0 0.558787037037037 0.7612239583333332 0.015462962962962953 0.006494791666666622
0 0.45056481481481475 0.6286822916666666 0.004796296296296197 0.0036979166666666783
0 0.47509259259259257 0.5617083333333334 0.007620370370370388 0.0060781249999999785
0 0.35557407407407404 0.513875 0.012657407407407383 0.00532812499999995
0 0.2404351851851852 0.42904687499999994 0.009675925925925968 0.007505208333333435
0 0.1223796296296296 0.4727916666666666 0.008453703703703713 0.008708333333333406
0 0.18436111111111111 0.384671875 0.009777777777777805 0.007104166666666689
0 0.21140740740740738 0.37069270833333334 0.011509259259259292 0.0064166666666666036
0 0.2778333333333333 0.4076979166666666 0.006083333333333406 0.0034218749999999076
0 0.002694444444444444 0.47930208333333335 0.005388888888888888 0.004786458333333421
0 0.034416666666666665 0.4118177083333333 0.009351851851851844 0.007723958333333236
0 0.01837037037037037 0.4129531249999999 0.00910185185185185 0.004499999999999993
0 0.027296296296296294 0.38546874999999997 0.007749999999999997 0.00639583333333329
0 0.03837962962962963 0.3547083333333333 0.007333333333333335 0.005072916666666672
0 0.09141666666666666 0.31241145833333334 0.020055555555555552 0.006447916666666753
0 0.14657407407407408 0.32308333333333333 0.008231481481481456 0.005885416666666643
0 0.14054629629629628 0.2897864583333333 0.007712962962962935 0.006302083333333286
0 0.15877777777777777 0.2553489583333333 0.0095462962962963 0.004567708333333353
0 0.25153703703703706 0.26631770833333335 0.01389814814814814 0.005770833333333325
0 0.34959259259259257 0.242046875 0.01175000000000005 0.005072916666666672
0 0.25770370370370366 0.22498958333333335 0.016296296296296316 0.006703125000000032
0 0.3431388888888888 0.21468229166666664 0.012740740740740759 0.008239583333333389
0 0.39815740740740735 0.2435625 0.011583333333333378 0.004562500000000025
0 0.4792685185185185 0.20480208333333333 0.010601851851851841 0.0029791666666667107
0 0.4368703703703703 0.27850520833333337 0.011009259259259194 0.005447916666666686
0 0.3916111111111111 0.29914583333333333 0.011009259259259194 0.0022343750000000107
0 0.3759166666666666 0.30513541666666666 0.014675925925926 0.005734375000000025
0 0.45509259259259255 0.42828124999999995 0.008388888888888838 0.004130208333333307