0 0.6253148148148149 0.2015833333333333 0.020212962962962894 0.012359375000000016
0 0.5692592592592592 0.21080208333333333 0.020425925925925823 0.004947916666666696
0 0.5756388888888889 0.22761979166666663 0.030629629629629562 0.010583333333333389
0 0.8119814814814815 0.28668750000000004 0.024675925925925903 0.007390625000000028
0 0.8834537037037036 0.3643958333333333 0.022120370370370464 0.01633854166666664
0 0.9299351851851851 0.3539791666666666 0.011703703703703796 0.017052083333333367
0 0.7388055555555555 0.42027083333333326 0.013611111111111048 0.019682291666666706
0 0.8322962962962963 0.461328125 0.010425925925925918 0.012765624999999937
0 0.9700370370370371 0.48774999999999996 0.0076574074074073906 0.009609374999999965
0 0.8766481481481481 0.5948645833333334 0.01744444444444437 0.012041666666666551
0 0.9123888888888888 0.6322083333333333 0.009787037037036978 0.008468750000000113
0 0.7426296296296295 0.5870729166666667 0.022546296296296318 0.006515625000000113
0 0.839212962962963 0.6586562499999999 0.014037037037037218 0.014697916666666621
0 0.7715648148148148 0.6551822916666666 0.011490740740740711 0.010625000000000107
0 0.6720092592592593 0.6825677083333332 0.030629629629629562 0.007963541666666707
0 0.6720092592592593 0.7202760416666667 0.012759259259259182 0.012291666666666678
0 0.5243703703703704 0.7497083333333333 0.02765740740740736 0.007270833333333293
0 0.4855555555555555 0.7342708333333332 0.025314814814814846 0.005104166666666821
0 0.42960185185185185 0.6936979166666667 0.024462962962962978 0.007968750000000035
0 0.370037037037037 0.7348697916666667 0.026592592592592564 0.006312499999999943
0 0.28228703703703706 0.733796875 0.019574074074074035 0.008463541666666607
0 0.2028333333333333 0.695375 0.021481481481481445 0.012031249999999893
0 0.38769444444444445 0.6354791666666666 0.02361111111111111 0.014302083333333293
0 0.41949999999999993 0.6374531250000001 0.02382407407407404 0.004010416666666572
0 0.08125925925925927 0.653859375 0.015740740740740736 0.007979166666666693
0 0.045314814814814815 0.6211822916666667 0.02169444444444445 0.007963541666666707
0 0.015953703703703703 0.5399895833333332 0.008935185185185185 0.011182291666666622
0 0.0385 0.5265885416666667 0.013185185185185173 0.011177083333333292
0 0.332037037037037 0.60715625 0.016370370370370323 0.004619791666666551
0 0.27425 0.5502083333333333 0.013611111111111128 0.006145833333333428
0 0.44525 0.5300156250000001 0.012314814814814825 0.007333333333333414
0 0.2941111111111111 0.5146927083333332 0.011509259259259212 0.007322916666666579
0 0.431287037037037 0.32276041666666666 0.027879629629629695 0.0070885416666666146
0 0.48007407407407404 0.4047812499999999 0.013944444444444395 0.009401041666666643
0 0.015555555555555555 0.4667864583333333 0.008972222222222218 0.014958333333333407
0 0.2306111111111111 0.441375 0.007675925925925971 0.006546874999999908
0 0.06986111111111111 0.370296875 0.022509259259259253 0.0077760416666667
0 0.006407407407407408 0.37583333333333335 0.012814814814814815 0.008578125000000015
0 0.07188888888888889 0.30665624999999996 0.0153148148148148 0.008671875000000018
0 0.15253703703703703 0.2987447916666667 0.015314814814814821 0.010776041666666725
0 0.17722222222222223 0.3025677083333333 0.014064814814814813 0.007348958333333311
0 0.19505555555555557 0.27715625 0.01812037037037039 0.007781250000000029
0 0.4313981481481482 0.23406249999999998 0.021277777777777847 0.008197916666666671
0 0.41233333333333333 0.18807291666666667 0.019166666666666762 0.007390625000000028
0 0.2620462962962963 0.21309375 0.023037037037037005 0.005145833333333361
0 0.6224074074074074 0.23584375 0.010675925925925847 0.005041666666666611