0 0.46930555555555553 0.26469791666666664 0.014583333333333334 0.006156249999999997
0 0.3686759259259259 0.2519166666666667 0.011361111111111042 0.004260416666666611
0 0.29760185185185184 0.23480729166666664 0.014351851851851826 0.004677083333333343
0 0.2827314814814815 0.2752291666666667 0.011611111111111051 0.005734375000000025
0 0.22570370370370368 0.2560572916666667 0.008314814814814832 0.005604166666666632
0 0.17764814814814814 0.2657395833333333 0.014351851851851845 0.004765625000000018
0 0.24564814814814817 0.28994791666666664 0.007037037037037032 0.005104166666666643
0 0.23925925925925923 0.30002604166666663 0.012222222222222238 0.004322916666666643
0 0.14078703703703704 0.3151927083333333 0.007962962962962984 0.0076927083333333535
0 0.1419537037037037 0.3372708333333333 0.012388888888888871 0.006421874999999933
0 0.06547222222222221 0.33616145833333333 0.009009259259259257 0.00809895833333334
0 0.10709259259259257 0.349125 0.006999999999999989 0.005697916666666724
0 0.08778703703703704 0.3614947916666667 0.00892592592592591 0.008822916666666725
0 0.12188888888888888 0.36970833333333336 0.013750000000000009 0.007421875
0 0.25608333333333333 0.36641145833333333 0.014444444444444492 0.006041666666666589
0 0.24682407407407403 0.4138541666666667 0.012592592592592588 0.0067708333333333925
0 0.2733425925925926 0.4572604166666666 0.009537037037036969 0.006302083333333286
0 0.13025925925925924 0.4594739583333333 0.012777777777777801 0.006145833333333251
0 0.1320648148148148 0.4935833333333333 0.0071296296296296195 0.004999999999999893
0 0.017907407407407407 0.42459895833333333 0.00937037037037037 0.007333333333333236
0 0.047074074074074074 0.5173958333333333 0.00955555555555555 0.008906249999999893
0 0.09371296296296296 0.51771875 0.005500000000000011 0.006083333333333307
0 0.08632407407407408 0.55009375 0.01275000000000001 0.008473958333333264
0 0.13117592592592592 0.5588645833333332 0.011685185185185177 0.004182291666666771
0 0.016074074074074074 0.56646875 0.012453703703703701 0.007656249999999964
0 0.01535185185185185 0.5845 0.010620370370370367 0.0045104166666666504
0 0.07536111111111111 0.5973437500000001 0.0047314814814815006 0.004562500000000113
0 0.003555555555555555 0.6170520833333333 0.00711111111111111 0.004520833333333307
0 0.053425925925925925 0.6272760416666665 0.011000000000000003 0.004812499999999886
0 0.02765740740740741 0.6351093750000001 0.007111111111111108 0.0067031249999999435
0 0.09919444444444443 0.667921875 0.008768518518518518 0.00447395833333335
0 0.07262037037037038 0.6724739583333333 0.013083333333333336 0.004625000000000057
0 0.019120370370370367 0.6818385416666667 0.008694444444444442 0.0056145833333333785
0 0.0314537037037037 0.71025 0.012342592592592587 0.005994791666666721
0 0.07060185185185185 0.7177395833333333 0.006342592592592587 0.004208333333333236
0 0.21261111111111108 0.7547604166666667 0.00930555555555554 0.006562499999999893
0 0.14923148148148146 0.6905104166666666 0.008796296296296309 0.004999999999999893
0 0.18912962962962962 0.6542083333333333 0.0069537037037036955 0.004552083333333279
0 0.1054537037037037 0.7745520833333334 0.012407407407407412 0.006979166666666714
0 0.13316666666666666 0.7834635416666667 0.013638888888888919 0.005296874999999979
0 0.15305555555555556 0.8084322916666666 0.008009259259259239 0.007520833333333243
0 0.1696388888888889 0.8108072916666667 0.0102037037037037 0.004156250000000128
0 0.19146296296296295 0.8136770833333333 0.01619444444444448 0.007223958333333158
0 0.26114814814814813 0.8260260416666666 0.009499999999999965 0.004901041666666472
0 0.25943518518518516 0.8311979166666668 0.01135185185185187 0.0047499999999999435
0 0.2754907407407407 0.7825208333333333 0.010379629629629664 0.004505208333333321
0 0.3441666666666666 0.8077864583333334 0.008361111111111087 0.006828125000000185
0 0.40087962962962964 0.7812604166666667 0.008796296296296349 0.0076197916666666645
0 0.27614814814814814 0.8425677083333334 0.012842592592592596 0.004755208333333272
0 0.5199537037037036 0.8527604166666667 0.013981481481481397 0.004479166666666501
0 0.4788888888888889 0.83040625 0.006851851851851936 0.003411458333333428
0 0.4696296296296296 0.8291562499999999 0.011111111111111112 0.004296875
0 0.4521759259259259 0.8324635416666666 0.006944444444444444 0.002421874999999929
0 0.511175925925926 0.792546875 0.011129629629629613 0.006682291666666629
0 0.5535833333333333 0.7756458333333333 0.011879629629629563 0.005098958333333315
0 0.5576296296296296 0.746109375 0.010648148148148096 0.006218750000000028
0 0.8084907407407406 0.769390625 0.010527777777777676 0.00763541666666665
0 0.8207777777777778 0.7293489583333332 0.013101851851851936 0.00625
0 0.9275462962962961 0.6860520833333333 0.010768518518518514 0.005572916666666572
0 0.21470370370370367 0.5788489583333334 0.013731481481481466 0.0047604166666666
0 0.725611111111111 0.521390625 0.01298148148148136 0.0056666666666666645
0 0.5625740740740741 0.559390625 0.012129629629629492 0.005765625000000085
0 0.5840925925925926 0.487234375 0.007342592592592704 0.008265624999999943
0 0.9213148148148147 0.45711458333333327 0.009277777777777866 0.006598958333333372
0 0.9014722222222221 0.47094791666666663 0.0058703703703704 0.005942708333333435
0 0.5518703703703703 0.37293229166666664 0.007435185185185212 0.006468750000000067
0 0.6588888888888889 0.2797708333333333 0.012518518518518502 0.007218749999999918
0 0.6958981481481482 0.27217708333333335 0.0117407407407408 0.007000000000000029
0 0.7586944444444444 0.2620104166666667 0.01557407407407412 0.00990625000000005
0 0.6875277777777777 0.24876041666666665 0.015648148148148286 0.004885416666666665
0 0.6588888888888889 0.2478385416666667 0.010638888888888845 0.004708333333333314