0 0.9017499999999999 0.16075520833333332 0.014092592592592722 0.005088541666666657
0 0.7878333333333334 0.14927604166666666 0.018935185185185333 0.008166666666666655
0 0.7026296296296296 0.16501562499999997 0.017666666666666626 0.006744791666666705
0 0.684648148148148 0.15584375 0.0216666666666667 0.005916666666666659
0 0.5939722222222221 0.13229687499999998 0.015361111111111036 0.008046875000000009
0 0.573212962962963 0.15432291666666667 0.008842592592592603 0.004760416666666645
0 0.6543888888888888 0.19969791666666667 0.010740740740740605 0.0036979166666666783
0 0.4976388888888889 0.15462499999999998 0.007462962962962965 0.007880208333333315
0 0.48093518518518513 0.12680729166666665 0.014101851851851817 0.005374999999999996
0 0.4606944444444444 0.1594114583333333 0.011833333333333309 0.0028124999999999734
0 0.41187962962962954 0.13553125000000002 0.013555555555555543 0.0051197916666666735
0 0.3942222222222222 0.14730729166666665 0.011916666666666723 0.0030729166666666695
0 0.4202314814814815 0.20277604166666663 0.011935185185185226 0.006473958333333307
0 0.5073148148148148 0.20629166666666662 0.013925925925925892 0.007911458333333333
0 0.2677962962962963 0.23106770833333332 0.013351851851851788 0.007114583333333346
0 0.2731203703703704 0.23714062499999997 0.009805555555555559 0.006791666666666618
0 0.22219444444444442 0.2439322916666667 0.0125 0.007911458333333333
0 0.23802777777777778 0.251484375 0.009518518518518466 0.007192708333333275
0 0.41788888888888887 0.2728177083333333 0.012925925925926013 0.0051145833333333
0 0.24847222222222223 0.2953541666666667 0.013351851851851788 0.0060729166666667386
0 0.1670648148148148 0.2788125 0.011935185185185186 0.006552083333333325
0 0.23135185185185184 0.3208854166666667 0.010657407407407424 0.007911458333333333
0 0.17351851851851852 0.25983854166666664 0.006074074074074076 0.004729166666666717
0 0.17713888888888887 0.25271354166666665 0.0039722222222222416 0.0037447916666667248
0 0.4385277777777778 0.394578125 0.01274999999999993 0.005510416666666629
0 0.26131481481481483 0.3993020833333333 0.004898148148148114 0.004390625000000004
0 0.2747222222222222 0.4252552083333333 0.009629629629629636 0.006630208333333343
0 0.1323148148148148 0.38971875 0.007046296296296322 0.003010416666666682
0 0.12646296296296297 0.39747916666666666 0.009592592592592592 0.008692708333333377
0 0.1445833333333333 0.42756249999999996 0.007638888888888889 0.007161458333333393
0 0.16887037037037037 0.450296875 0.011037037037037066 0.005062500000000014
0 0.15816666666666665 0.4951927083333333 0.00931481481481483 0.007182291666666707
0 0.11746296296296296 0.5007708333333334 0.007185185185185203 0.00770833333333325
0 0.1609537037037037 0.5013697916666666 0.006388888888888881 0.004114583333333322
0 0.12672222222222224 0.5858489583333333 0.008898148148148148 0.007067708333333478
0 0.13444444444444442 0.5978854166666666 0.010731481481481472 0.008760416666666692
0 0.22071296296296294 0.594609375 0.0052407407407407906 0.005447916666666686
0 0.23353703703703704 0.5975208333333333 0.012046296296296314 0.007583333333333364
0 0.1730648148148148 0.6254635416666667 0.012046296296296295 0.0073645833333332075
0 0.1391574074074074 0.6258333333333332 0.014398148148148158 0.006921874999999922
0 0.1845185185185185 0.67715625 0.007981481481481485 0.006187500000000057
0 0.22811111111111113 0.6697916666666666 0.011648148148148133 0.006479166666666636
0 0.2741851851851852 0.661140625 0.007203703703703704 0.005817708333333371
0 0.2412685185185185 0.6989166666666666 0.009685185185185219 0.004932291666666621
0 0.23347222222222222 0.6949739583333333 0.006675925925925933 0.003536458333333314
0 0.19734259259259257 0.691734375 0.010083333333333321 0.003536458333333314
0 0.3493981481481481 0.7118385416666666 0.006805555555555603 0.0030937500000000283
0 0.26057407407407407 0.7282604166666666 0.00903703703703703 0.004713541666666821
0 0.33211111111111113 0.7445677083333333 0.01439814814814808 0.006406250000000035
0 0.3385925925925926 0.7348854166666666 0.007462962962962886 0.008541666666666715
0 0.37407407407407406 0.7289583333333333 0.008249999999999917 0.008614583333333314
0 0.47382407407407406 0.7190937500000001 0.012962962962963016 0.006552083333333236
0 0.42460185185185184 0.6741354166666665 0.012694444444444425 0.006921874999999922
0 0.3868333333333333 0.6630572916666666 0.01073148148148151 0.00610937499999995
0 0.5226481481481482 0.6649322916666667 0.005370370370370381 0.004416666666666735
0 0.7627314814814814 0.49056249999999996 0.0300925925925927 0.012369791666666607
0 0.7113888888888888 0.26926041666666667 0.016351851851851902 0.005744791666666682
0 0.9476388888888888 0.2793541666666667 0.008731481481481436 0.004109375000000082
0 0.6938888888888889 0.294734375 0.009481481481481542 0.0040000000000000036
0 0.36296296296296293 0.5514947916666666 0.008120370370370406 0.0030416666666667424
0 0.3373703703703704 0.6125364583333333 0.011425925925925956 0.007666666666666622
0 0.636361111111111 0.7049791666666666 0.012185185185185314 0.007083333333333286
0 0.9916851851851851 0.6094114583333333 0.011768518518518551 0.0036875000000000215
0 0.8731944444444444 0.6635937499999999 0.007870370370370475 0.0068749999999999645
0 0.8993611111111111 0.6948645833333333 0.01187037037037031 0.004427083333333392
0 0.806888888888889 0.74934375 0.01415740740740748 0.008994791666666658
0 0.8170092592592593 0.766140625 0.006981481481481448 0.0038177083333332364
0 0.6279537037037037 0.7785729166666666 0.010370370370370412 0.0036250000000000782
0 0.6125462962962962 0.78203125 0.013194444444444444 0.005098958333333315
0 0.5050277777777777 0.7687135416666667 0.005296296296296374 0.003999999999999915