0 0.3946666666666666 0.29134374999999996 0.009592592592592552 0.00880729166666674
0 0.9202592592592591 0.5433177083333334 0.007296296296296292 0.007973958333333364
0 0.045240740740740734 0.40703645833333335 0.009092592592592588 0.008145833333333385
0 0.0954537037037037 0.40568229166666664 0.009398148148148166 0.006781250000000049
0 0.40665740740740736 0.2685052083333333 0.011499999999999962 0.006031250000000021
0 0.3413703703703704 0.7302656249999999 0.006712962962962936 0.007369791666666714
0 0.7935833333333333 0.5954999999999999 0.008194444444444254 0.007807291666666494
0 0.33425 0.7063177083333334 0.009537037037036969 0.008151041666666714
0 0.669148148148148 0.67028125 0.009166666666666698 0.012666666666666692
0 0.7859444444444444 0.7089583333333334 0.007101851851852025 0.008223958333333314
0 0.43022222222222223 0.7182447916666665 0.006574074074074095 0.0063437499999999146
0 0.5053333333333333 0.31833333333333336 0.009370370370370217 0.007843749999999972
0 0.26813888888888887 0.5189739583333333 0.008768518518518518 0.007833333333333314
0 0.2919074074074074 0.26068749999999996 0.008388888888888838 0.007979166666666693
0 0.4415925925925926 0.6804427083333333 0.00905555555555553 0.007239583333333322
0 0.08706481481481482 0.5138177083333333 0.010027777777777786 0.007520833333333421
0 0.20762037037037034 0.4924166666666666 0.007435185185185133 0.008312500000000079
0 0.2837592592592592 0.50975 0.007898148148148149 0.005697916666666636
0 0.036287037037037034 0.561046875 0.007453703703703705 0.0086666666666666
0 0.11802777777777776 0.356328125 0.007999999999999988 0.0068697916666667245
0 0.25446296296296295 0.52940625 0.010009259259259235 0.007609375000000007
0 0.20636111111111108 0.32046874999999997 0.010629629629629673 0.006281249999999972
0 0.7312592592592593 0.6675208333333333 0.00803703703703699 0.006619791666666685
0 0.04764814814814815 0.5433489583333333 0.010870370370370367 0.005187500000000078
0 0.7644814814814814 0.6648229166666667 0.007564814814814882 0.00798958333333335
0 0.5307314814814815 0.6162760416666666 0.00460185185185193 0.004536458333333293
0 0.8819074074074075 0.4909739583333333 0.008388888888888838 0.0036718750000000354
0 0.3841666666666666 0.6679583333333333 0.00891666666666661 0.007000000000000029
0 0.2425277777777778 0.3724895833333333 0.011675925925925965 0.007796875000000014
0 0.6939074074074073 0.6676822916666667 0.009101851851851785 0.0067031249999999435
0 0.493787037037037 0.5923645833333333 0.006120370370370331 0.0029791666666666218
0 0.8296666666666666 0.6305156249999999 0.01148148148148146 0.005817708333333371
0 0.43305555555555547 0.30554166666666666 0.012296296296296324 0.005692708333333396
0 0.6845462962962963 0.3143541666666666 0.008722222222222343 0.0066770833333333005
0 0.5970277777777777 0.6087239583333333 0.007685185185185143 0.00958854166666665
0 0.5307777777777777 0.707796875 0.0070092592592592 0.007166666666666721
0 0.39499999999999996 0.655546875 0.00957407407407405 0.005546875000000106
0 0.15616666666666668 0.363546875 0.005907407407407403 0.0028906249999999466
0 0.7826296296296297 0.321203125 0.01071296296296301 0.005937500000000017
0 0.43675925925925924 0.664296875 0.01007407407407407 0.007062499999999972
0 0.05673148148148148 0.3832760416666666 0.009500000000000005 0.007807291666666672
0 0.8060462962962962 0.3219583333333333 0.006379629629629828 0.007541666666666646
0 0.9019166666666667 0.4451614583333333 0.010972222222222033 0.00653645833333325
0 0.644175925925926 0.6048541666666666 0.012509259259259251 0.007984375000000021
0 0.3552037037037037 0.5461979166666666 0.008583333333333304 0.007442708333333314
0 0.7128888888888889 0.26366666666666666 0.007194444444444454 0.007656250000000054
0 0.3923611111111111 0.70803125 0.01069444444444435 0.004989583333333237
0 0.5153888888888889 0.5551510416666667 0.014009259259259308 0.005406250000000057
0 0.3385462962962963 0.28672916666666665 0.008203703703703743 0.0045052083333334105
0 0.2556851851851851 0.30827604166666667 0.007046296296296282 0.0039427083333333
0 0.2947037037037037 0.3413645833333333 0.008175925925925991 0.007526041666666661
0 0.33202777777777776 0.3183385416666667 0.013907407407407391 0.005390624999999982
0 0.4693518518518518 0.706453125 0.005944444444444407 0.0059843749999998865
0 0.39275 0.5546770833333333 0.00891666666666661 0.006781250000000049
0 0.7801944444444444 0.56840625 0.006490740740740838 0.006979166666666714
0 0.19118518518518515 0.4236302083333333 0.006481481481481508 0.008296875000000092
0 0.6951944444444444 0.27027604166666663 0.016111111111111142 0.004953125000000025
0 0.16796296296296298 0.5570885416666667 0.017537037037037035 0.0047499999999999435
0 0.09712962962962964 0.44245312499999995 0.014425925925925951 0.004421875000000064
0 0.17791666666666667 0.34360416666666665 0.014324074074074093 0.005609374999999961
0 0.3724444444444444 0.2666302083333333 0.008583333333333264 0.009734375000000028
0 0.739824074074074 0.6299583333333333 0.0077777777777779675 0.0067135416666666
0 0.1479351851851852 0.40278125 0.012907407407407392 0.008463541666666652
0 0.10119444444444445 0.5167447916666666 0.010305555555555538 0.005250000000000021
0 0.306287037037037 0.38346354166666663 0.015361111111111114 0.006135416666666682
0 0.14400925925925925 0.644359375 0.010601851851851841 0.005166666666666764
0 0.0990925925925926 0.35444791666666664 0.010657407407407386 0.007302083333333353
0 0.4923055555555556 0.7084791666666665 0.005972222222222317 0.006640625
0 0.27254629629629634 0.6465364583333333 0.009796296296296308 0.007458333333333478
0 0.48531481481481475 0.3832760416666666 0.007814814814814813 0.009739583333333357
0 0.3680555555555556 0.3734166666666667 0.010305555555555498 0.00977083333333333
0 0.9016666666666666 0.43064583333333334 0.008490740740740913 0.006546874999999908
0 0.9204537037037037 0.48165625 0.008990740740740775 0.0038020833333332503
0 0.0810462962962963 0.4965416666666666 0.007518518518518529 0.007197916666666693
0 0.21683333333333335 0.7086302083333333 0.017490740740740703 0.004718749999999971
0 0.5560648148148147 0.6192083333333334 0.013416666666666622 0.005510416666666629
0 0.38205555555555554 0.6459635416666666 0.010194444444444489 0.004593750000000086
0 0.5202685185185185 0.2696197916666666 0.011879629629629563 0.005203124999999975
0 0.33825925925925926 0.6868854166666666 0.011666666666666714 0.004885416666666665
0 0.4926018518518518 0.5656874999999999 0.008101851851851905 0.0073124999999999215
0 0.3713518518518519 0.6087708333333333 0.0067777777777777715 0.00827083333333345
0 0.8673148148148149 0.5301197916666667 0.00980555555555548 0.00828124999999993
0 0.3455462962962963 0.5568385416666667 0.010814814814814768 0.005239583333333364
0 0.7819999999999999 0.34090624999999997 0.007944444444444483 0.007036458333333329
0 0.8684351851851851 0.62871875 0.00749074074074056 0.005973958333333229
0 0.6089814814814816 0.7365625 0.012583333333333257 0.0043541666666667925
0 0.16018518518518518 0.6174999999999999 0.011592592592592588 0.004932291666666621
0 0.6651018518518518 0.7424843749999999 0.009500000000000045 0.007161458333333393
0 0.5573518518518519 0.7065885416666667 0.011666666666666634 0.005114583333333478
0 0.22357407407407406 0.7175833333333334 0.013851851851851806 0.00454687499999995
0 0.6430185185185185 0.6440885416666667 0.012685185185185174 0.004875000000000007
0 0.17207407407407405 0.6810937499999999 0.01389814814814812 0.0044062500000000785
0 0.8305 0.5974583333333332 0.004305555555555745 0.0050156250000000565
0 0.33276851851851846 0.3015416666666667 0.009092592592592612 0.009281249999999996
0 0.5618888888888889 0.7378958333333333 0.009749999999999974 0.005260416666666679
0 0.8877407407407407 0.41084895833333335 0.006537037037037092 0.006656249999999986
0 0.8215185185185185 0.3436197916666667 0.008833333333333195 0.005369791666666668
0 0.37274074074074076 0.7086979166666667 0.00751851851851847 0.006515625000000113
0 0.21729629629629627 0.31888541666666664 0.012222222222222238 0.005005208333333311
0 0.34588888888888886 0.320984375 0.008870370370370435 0.005458333333333343
0 0.6917037037037037 0.7279895833333333 0.00854629629629626 0.006630208333333343
0 0.6735 0.7228541666666667 0.007907407407407321 0.004520833333333307
0 0.6843148148148147 0.715234375 0.006222222222222248 0.006776041666666721
0 0.6712962962962963 0.7111927083333333 0.005574074074074057 0.004520833333333307
0 0.6527037037037036 0.7135260416666667 0.0067407407407407685 0.0042291666666665504
0 0.6525092592592593 0.73684375 0.007907407407407321 0.002770833333333478
0 0.6399444444444444 0.750765625 0.007388888888888959 0.004661458333333179
0 0.6268611111111111 0.759 0.00635185185185176 0.002479166666666721
0 0.5903240740740741 0.7537864583333332 0.005574074074074057 0.004880208333333335
0 0.5574166666666667 0.760203125 0.00635185185185176 0.005463541666666493
0 0.5486111111111112 0.7534947916666667 0.006870370370370438 0.0035729166666667923
0 0.5451759259259259 0.7659583333333334 0.0088055555555556 0.003718749999999993
0 0.5072777777777778 0.7639895833333332 0.009194444444444451 0.004734375000000135
0 0.49179629629629623 0.7702552083333334 0.0036296296296296445 0.004593750000000086
0 0.4734629629629629 0.7682916666666666 0.00841666666666675 0.002989583333333279
0 0.5099999999999999 0.7503645833333333 0.006611111111111257 0.0038645833333333713
0 0.49289814814814814 0.7452604166666668 0.008416666666666591 0.0038645833333333713
0 0.4789074074074074 0.7478125 0.006870370370370438 0.003135416666666657
0 0.47994444444444445 0.7510572916666666 0.0071296296296296195 0.0032083333333332575
0 0.4809814814814815 0.7404166666666666 0.0071296296296296195 0.00408333333333335
0 0.549962962962963 0.7260937499999999 0.0059629629629630665 0.003718749999999993
0 0.5736111111111111 0.7244895833333332 0.008675925925925773 0.0035729166666667923
0 0.6155833333333334 0.7246354166666666 0.006870370370370438 0.004880208333333335
0 0.626537037037037 0.7256562499999999 0.006222222222222248 0.005171874999999914
0 0.5399259259259259 0.7154895833333332 0.007388888888888959 0.005244791666666693
0 0.507537037037037 0.7290104166666667 0.007388888888888959 0.004302083333333507
0 0.45034259259259257 0.7462447916666666 0.00777777777777781 0.004375000000000106
0 0.4423055555555555 0.7412916666666666 0.007259259259259289 0.0029166666666666785
0 0.42241666666666666 0.7425989583333333 0.007388888888888959 0.0032083333333332575
0 0.41406481481481483 0.7461354166666666 0.005185185185185206 0.004447916666666707
0 0.40849074074074077 0.7537135416666667 0.00906481481481478 0.0038645833333333713
0 0.41121296296296295 0.7622760416666666 0.004666666666666685 0.0029166666666666785
0 0.44787962962962957 0.7353489583333332 0.006481481481481429 0.0032812500000000354
0 0.46886111111111106 0.7277708333333333 0.006481481481481429 0.005026041666666714
0 0.47294444444444445 0.7164739583333334 0.006092592592592578 0.004880208333333335
0 0.45279629629629625 0.7216145833333333 0.005444444444444387 0.0032083333333332575
0 0.4395833333333333 0.7214322916666667 0.00751851851851847 0.003135416666666657
0 0.44392592592592595 0.7167656250000001 0.005055555555555536 0.003427083333333236
0 0.4248148148148148 0.7231458333333334 0.00751851851851847 0.004807291666666736
0 0.40738888888888886 0.7397239583333333 0.009972222222222153 0.0038645833333333713
0 0.39599074074074075 0.740234375 0.005833333333333238 0.003718749999999993
0 0.3746759259259259 0.7350937500000001 0.00777777777777781 0.003354166666666636
0 0.37402777777777774 0.7380833333333332 0.005444444444444387 0.004375000000000106
0 0.39774074074074073 0.7332708333333333 0.006222222222222248 0.0026249999999999217
0 0.38355555555555554 0.7282083333333333 0.005574074074074057 0.002697916666666522
0 0.3683333333333333 0.7279166666666665 0.0033703703703703053 0.002989583333333279
0 0.40874999999999995 0.7108645833333332 0.0038888888888889838 0.0035729166666667923
0 0.42261111111111105 0.7098072916666667 0.0067407407407407685 0.00408333333333335
0 0.36386111111111114 0.71971875 0.007388888888888959 0.0029166666666666785
0 0.3394351851851852 0.7196822916666666 0.005185185185185206 0.004593750000000086
0 0.32887962962962963 0.7238385416666666 0.00764814814814814 0.004447916666666707
0 0.32466666666666666 0.7180416666666667 0.005185185185185206 0.005973958333333229
0 0.30290740740740735 0.7275885416666666 0.0067407407407406895 0.0029166666666666785
0 0.2977222222222222 0.7324010416666666 0.007259259259259289 0.0032083333333332575
0 0.3837499999999999 0.711375 0.0057037037037037264 0.003427083333333236
0 0.37713888888888886 0.6982916666666666 0.00699999999999995 0.00408333333333335
0 0.3007037037037037 0.7093333333333334 0.00906481481481478 0.003718749999999993
0 0.28910185185185183 0.7185520833333332 0.010231481481481413 0.0029166666666666785
0 0.2733611111111111 0.7091510416666666 0.0057037037037036475 0.004520833333333307
0 0.2798425925925926 0.6955260416666667 0.008805555555555521 0.004375000000000106
0 0.2457037037037037 0.7111197916666666 0.00764814814814814 0.0055364583333334496
0 0.22672222222222224 0.7227447916666667 0.009842592592592563 0.003427083333333236
0 0.2688333333333333 0.7002239583333333 0.006481481481481508 0.005026041666666714
0 0.31462962962962965 0.6827708333333333 0.00738888888888888 0.004520833333333307
0 0.33309259259259255 0.670671875 0.009583333333333381 0.004520833333333307
0 0.32946296296296296 0.67340625 0.012175925925925904 0.004447916666666707
0 0.39365740740740734 0.6883072916666666 0.004796296296296197 0.00568229166666665
0 0.3980648148148148 0.6958906249999999 0.00867592592592593 0.003354166666666636
0 0.4022037037037037 0.6814947916666666 0.00816666666666666 0.005463541666666493
0 0.2848333333333333 0.6768333333333333 0.00841666666666667 0.004302083333333507
0 0.20010185185185184 0.6995677083333334 0.00945370370370371 0.003135416666666657
0 0.2271111111111111 0.6872864583333332 0.00906481481481486 0.0036458333333333924
0 0.20955555555555555 0.682625 0.006092592592592578 0.007140625000000078
0 0.2276296296296296 0.68065625 0.005962962962962988 0.004661458333333179
0 0.21785185185185185 0.6777083333333334 0.006870370370370359 0.003427083333333236
0 0.25969444444444445 0.6745729166666667 0.00893518518518519 0.0035729166666667923
0 0.274074074074074 0.6641510416666667 0.006351851851851839 0.004302083333333507
0 0.3232407407407408 0.6567552083333333 0.00699999999999995 0.004953125000000114
0 0.31216666666666665 0.6529999999999999 0.005574074074074057 0.0035729166666667923
0 0.25393518518518515 0.6600677083333333 0.008287037037037079 0.004010416666666572
0 0.25885185185185183 0.6676875 0.0057037037037036475 0.0032083333333332575
0 0.2374814814814815 0.6678333333333333 0.00699999999999995 0.0034999999999998366
0 0.22516666666666668 0.6617447916666667 0.0067407407407406895 0.0035729166666667923
0 0.18312962962962961 0.712140625 0.0053148148148147965 0.0034999999999998366
0 0.21655555555555553 0.6622916666666666 0.005574074074074057 0.0032083333333332575
0 0.208 0.66265625 0.004018518518518495 0.003937499999999971
0 0.22743518518518518 0.6533645833333332 0.006611111111111099 0.002843750000000078
0 0.21888888888888888 0.656609375 0.0071296296296296195 0.0029166666666666785
0 0.17147222222222222 0.6582135416666667 0.004018518518518495 0.003791666666666771
0 0.22166666666666665 0.63784375 0.007000000000000029 0.0038645833333333713
0 0.22516666666666668 0.6293177083333333 0.006222222222222248 0.004302083333333507
0 0.23009259259259257 0.6405416666666666 0.00725925925925921 0.003718749999999993
0 0.20579629629629628 0.6536562499999999 0.005574074074074057 0.003135416666666657
0 0.20204629629629628 0.6499791666666667 0.005574074074074057 0.003062500000000057
0 0.3715648148148148 0.6336510416666666 0.0067407407407407685 0.005390624999999894
0 0.39949074074074076 0.6354739583333332 0.008935185185185112 0.004375000000000106
0 0.19744444444444445 0.635546875 0.0067407407407406895 0.004520833333333307
0 0.18358333333333335 0.6382083333333333 0.006481481481481508 0.003718749999999993
0 0.1734074074074074 0.639484375 0.005055555555555536 0.0036458333333333924
0 0.1333148148148148 0.6510677083333333 0.005962962962962948 0.005244791666666693
0 0.14309259259259258 0.6533645833333332 0.005574074074074057 0.003427083333333236
0 0.16343518518518516 0.6269114583333334 0.00816666666666666 0.00415624999999995
0 0.14944444444444444 0.635 0.006092592592592578 0.004010416666666572
0 0.2213425925925926 0.6099322916666666 0.006870370370370359 0.002843750000000078
0 0.1943333333333333 0.6140833333333333 0.006222222222222248 0.004734375000000135
0 0.1807962962962963 0.6163437500000001 0.004796296296296276 0.003135416666666657
0 0.17911111111111108 0.6115364583333334 0.006870370370370378 0.004302083333333507
0 0.14743518518518517 0.6091302083333333 0.006222222222222248 0.0035729166666667923
0 0.15825 0.6022083333333332 0.006092592592592578 0.004302083333333507
0 0.1368148148148148 0.6038854166666667 0.006740740740740729 0.005317708333333293
0 0.10021296296296296 0.5990729166666666 0.0045370370370370556 0.004447916666666707
0 0.07656481481481481 0.6134270833333333 0.008546296296296281 0.004302083333333507
0 0.09017592592592592 0.5913854166666667 0.009324074074074071 0.004520833333333307
0 0.10617592592592591 0.5893437499999999 0.006092592592592617 0.004520833333333307
0 0.11666666666666667 0.5839895833333333 0.005314814814814836 0.005755208333333428
0 0.17101851851851851 0.58515625 0.00932407407407408 0.003718749999999993
0 0.19925925925925922 0.5885416666666666 0.009324074074074042 0.0034999999999998366
0 0.06931481481481482 0.5851927083333333 0.007000000000000009 0.0032083333333332575
0 0.05610185185185185 0.5889791666666666 0.007518518518518529 0.004375000000000106
0 0.0874537037037037 0.5757916666666667 0.00751851851851852 0.0036458333333333924
0 0.044564814814814814 0.5706510416666667 0.006222222222222223 0.00415624999999995
0 0.1855925925925926 0.5680260416666666 0.00841666666666667 0.005901041666666629
0 0.12234259259259259 0.5431614583333333 0.010111111111111112 0.003666666666666707
0 0.07935185185185185 0.5467760416666666 0.00738888888888888 0.004541666666666622
0 0.060101851851851844 0.5455989583333333 0.00894444444444444 0.005687499999999979
0 0.07492592592592592 0.52459375 0.005935185185185175 0.005250000000000021
0 0.06077777777777778 0.5304166666666666 0.006027777777777783 0.0024635416666667354
0 0.15360185185185182 0.538625 0.007296296296296292 0.0020260416666666005
0 0.13575925925925927 0.5290520833333333 0.007388888888888919 0.004322916666666643
0 0.06369444444444444 0.5235 0.006027777777777763 0.004812500000000064
0 0.05887962962962963 0.5248385416666667 0.005351851851851859 0.0044322916666667215
0 0.05343518518518518 0.5193697916666666 0.0047685185185185235 0.0048697916666666785
0 0.1121296296296296 0.513734375 0.007583333333333345 0.004104166666666664
0 0.016972222222222222 0.5216666666666667 0.007101851851851851 0.004213541666666565
0 0.06753703703703703 0.5129427083333333 0.005157407407407394 0.0029531249999999788
0 0.05494444444444445 0.5014270833333333 0.007583333333333325 0.003994791666666764
0 0.0582037037037037 0.4957395833333333 0.009435185185185189 0.0044322916666667215
0 0.054407407407407404 0.4903229166666666 0.009435185185185189 0.004322916666666643
0 0.1003148148148148 0.49920833333333337 0.012351851851851867 0.006124999999999936
0 0.11519444444444445 0.5047083333333333 0.0047685185185185235 0.0046510416666667
0 0.12073148148148145 0.5016458333333332 0.005157407407407414 0.0044322916666667215
0 0.13789814814814813 0.5016979166666666 0.005444444444444427 0.00607291666666665
0 0.12437962962962965 0.48695833333333327 0.007972222222222235 0.004375000000000106
0 0.13960185185185187 0.521640625 0.006907407407407402 0.0032812500000000354
0 0.1229722222222222 0.4810208333333333 0.0045740740740740585 0.003010416666666593
0 0.11329629629629628 0.48258333333333325 0.006805555555555564 0.003937499999999971
0 0.11062037037037037 0.4789427083333333 0.007296296296296292 0.0027916666666666146
0 0.04978703703703703 0.46838541666666667 0.004666666666666666 0.0031197916666666713
0 0.048916666666666664 0.46127604166666664 0.006416666666666673 0.004213541666666565
0 0.05110185185185185 0.4579375 0.005546296296296285 0.003010416666666593
0 0.06913888888888889 0.45454687499999996 0.005638888888888892 0.0027916666666666146
0 0.0917037037037037 0.4497604166666666 0.005250000000000001 0.00415624999999995
0 0.10303703703703704 0.44740624999999995 0.006907407407407402 0.0038281249999998932
0 0.06102777777777778 0.4438229166666666 0.007296296296296292 0.0044322916666667215
0 0.05723148148148148 0.4384635416666667 0.005546296296296304 0.0032291666666667495
0 0.02757407407407407 0.43750520833333334 0.008851851851851854 0.003718749999999993
0 0.02567592592592592 0.4461770833333333 0.0062222222222222175 0.005526041666666615
0 0.048138888888888884 0.42946354166666667 0.007194444444444434 0.0038281249999998932
0 0.07624074074074073 0.434171875 0.004277777777777775 0.0049218749999999645
0 0.05684259259259258 0.41948437499999996 0.004962962962962969 0.005088541666666657
0 0.0899537037037037 0.420140625 0.007194444444444454 0.004541666666666622
0 0.1192222222222222 0.41242708333333333 0.010111111111111112 0.0027916666666666146
0 0.07721296296296297 0.410375 0.007000000000000009 0.003937499999999971
0 0.04964814814814814 0.3988854166666666 0.007490740740740737 0.0034999999999999697
0 0.08474999999999999 0.39699999999999996 0.007685185185185202 0.003666666666666618
0 0.1007037037037037 0.40049999999999997 0.005351851851851839 0.004104166666666709
0 0.11202777777777777 0.40192187500000004 0.005055555555555576 0.002682291666666714
0 0.11071296296296294 0.39284375 0.0047685185185185235 0.004322916666666643
0 0.08752777777777777 0.39095312499999996 0.00777777777777778 0.0025156249999999324
0 0.07949999999999999 0.390078125 0.010407407407407416 0.0036093750000000036
0 0.0759537037037037 0.38783854166666665 0.008749999999999996 0.003937499999999971
0 0.13746296296296295 0.40326562499999996 0.00612962962962962 0.0035000000000000144
0 0.15321296296296297 0.3954427083333333 0.007490740740740718 0.0033906250000000247
0 0.14708333333333332 0.3944270833333333 0.007101851851851867 0.0032291666666666606
0 0.12150925925925923 0.38181770833333334 0.006518518518518511 0.004593749999999996
0 0.10016666666666667 0.3768125 0.00738888888888888 0.00486979166666659
0 0.1558425925925926 0.42659375 0.006907407407407402 0.004541666666666622
0 0.16770370370370372 0.4236927083333333 0.005351851851851839 0.0037760416666666073
0 0.1255462962962963 0.369703125 0.006805555555555564 0.003666666666666618
0 0.11207407407407406 0.36611979166666664 0.007101851851851827 0.002296875000000043
0 0.1109074074074074 0.37131770833333333 0.005935185185185195 0.0032812499999999465
0 0.12846296296296297 0.35230729166666663 0.006805555555555564 0.0032291666666666606
0 0.17742592592592593 0.35627604166666665 0.007490740740740718 0.004046874999999961
0 0.16099074074074074 0.3609791666666667 0.006907407407407402 0.0033906250000000247
0 0.21297222222222217 0.38255729166666663 0.006222222222222248 0.005197916666666647
0 0.15681481481481482 0.3386875 0.005935185185185195 0.0060729166666667386
0 0.11168518518518518 0.33176562499999995 0.00865740740740739 0.0029531250000000677
0 0.16225925925925927 0.3278854166666666 0.008268518518518538 0.0032812499999999465
0 0.22590740740740736 0.32394791666666667 0.008361111111111087 0.003062500000000057
0 0.22610185185185183 0.34005729166666665 0.005250000000000041 0.004213541666666654
0 0.2295555555555555 0.34202604166666667 0.0053518518518518 0.003994791666666675
0 0.22780555555555554 0.3506666666666666 0.006324074074074085 0.00454166666666671
0 0.2338796296296296 0.35162499999999997 0.005638888888888892 0.004812499999999975
0 0.24413888888888888 0.3528020833333333 0.005546296296296304 0.0035572916666666288
0 0.14363888888888887 0.3108697916666666 0.006416666666666673 0.004046874999999961
0 0.22950925925925927 0.29927604166666666 0.006611111111111099 0.005140624999999943
0 0.23621296296296296 0.3035989583333333 0.009527777777777796 0.004593749999999996
0 0.2518703703703703 0.303734375 0.005833333333333317 0.00454166666666671
0 0.25493518518518515 0.300671875 0.007685185185185143 0.004213541666666654
0 0.270787037037037 0.3061927083333333 0.0053518518518518 0.00454166666666671
0 0.2503611111111111 0.28368229166666664 0.007296296296296292 0.004812499999999975
0 0.2672407407407407 0.2727708333333333 0.00699999999999995 0.0038854166666666854
0 0.2808518518518518 0.2758645833333333 0.01516666666666669 0.006015624999999946
0 0.30127777777777776 0.27980208333333334 0.009722222222222222 0.004484374999999918
0 0.3294259259259259 0.3240572916666667 0.012157407407407403 0.004375000000000018
0 0.3777129629629629 0.30756249999999996 0.005833333333333238 0.007057291666666643
0 0.34032407407407406 0.277421875 0.008074074074074074 0.007822916666666657
0 0.38481481481481483 0.2831666666666666 0.007194444444444375 0.006401041666666618
0 0.42468518518518517 0.29440625 0.011083333333333358 0.00546875
0 0.4825462962962962 0.29672916666666665 0.011666666666666634 0.0032291666666666606
0 0.49810185185185185 0.305265625 0.009333333333333213 0.005526041666666615
0 0.4261851851851851 0.27282812500000003 0.010990740740740692 0.006291666666666629
0 0.4393703703703703 0.271484375 0.010500000000000082 0.003828124999999982
0 0.43645370370370373 0.26429166666666665 0.011277777777777784 0.0034479166666666395
0 0.47272222222222227 0.2694375 0.008361111111111087 0.00454166666666671
0 0.4930925925925926 0.3277760416666667 0.01682407407407409 0.0056875000000000675
0 0.48760185185185184 0.33414583333333325 0.01594444444444447 0.003776041666666696
0 0.5147314814814814 0.337703125 0.006805555555555524 0.002354166666666657
0 0.5647685185185185 0.33086458333333335 0.008851851851851854 0.002354166666666657
0 0.5681203703703704 0.35088541666666667 0.006222222222222248 0.005526041666666615
0 0.49786111111111114 0.34686458333333337 0.008851851851851854 0.005359375000000011
0 0.47062962962962956 0.3637135416666667 0.010018518518518565 0.006453125000000082
0 0.4487037037037037 0.3553697916666666 0.005444444444444387 0.004213541666666654
0 0.4398981481481481 0.35523437499999994 0.00574074074074073 0.004593749999999996
0 0.39112962962962966 0.35673958333333333 0.011277777777777784 0.00454166666666671
0 0.4736481481481481 0.37626562499999994 0.007490740740740718 0.005088541666666657
0 0.48706481481481473 0.3890416666666667 0.005935185185185313 0.004156250000000039
0 0.4966944444444444 0.39538541666666666 0.008462962962963004 0.005249999999999933
0 0.45332407407407405 0.3931979166666667 0.009240740740740706 0.0035000000000000144
0 0.5225185185185186 0.3980104166666666 0.009916666666666648 0.004593749999999952
0 0.5192592592592592 0.41146874999999994 0.009240740740740706 0.004375000000000106
0 0.5464814814814816 0.3884947916666667 0.007685185185185143 0.006343750000000004
0 0.5875277777777778 0.4094427083333333 0.00574074074074073 0.0053593749999999215
0 0.5860185185185185 0.40036458333333336 0.00699999999999995 0.007328124999999952
0 0.6099907407407407 0.4130260416666666 0.009435185185185288 0.0044322916666667215
0 0.6209259259259259 0.4265416666666667 0.00525000000000012 0.0025729166666666357
0 0.6104259259259259 0.43036979166666656 0.004083333333333409 0.004322916666666643
0 0.5618518518518518 0.4339791666666667 0.011962962962962977 0.0038854166666666854
0 0.5425 0.431078125 0.007685185185185143 0.002901041666666693
0 0.39526851851851846 0.4026875 0.010601851851851841 0.0038854166666666854
0 0.36020370370370364 0.41721354166666663 0.011666666666666674 0.0040468750000000496
0 0.3248611111111111 0.36972916666666666 0.012351851851851907 0.004265625000000028
0 0.28484259259259254 0.3851822916666666 0.010305555555555578 0.005744791666666682
0 0.275212962962963 0.4076666666666666 0.00894444444444444 0.0033385416666666503
0 0.24555555555555553 0.39970833333333333 0.009138888888888867 0.006890624999999995
0 0.26713888888888887 0.4339791666666667 0.008361111111111087 0.007822916666666657
0 0.2975462962962963 0.5891510416666667 0.011907407407407394 0.004041666666666721
0 0.3390925925925926 0.5966406249999999 0.006361111111111089 0.004442708333333378
0 0.24538888888888885 0.5740989583333332 0.011314814814814866 0.003380208333333279
0 0.29842592592592593 0.5601770833333333 0.0108425925925926 0.005505208333333478
0 0.36207407407407405 0.5820572916666666 0.01084259259259268 0.0041770833333332645
0 0.38122222222222224 0.5732395833333332 0.007185185185185124 0.004307291666666657
0 0.3981388888888888 0.5790729166666666 0.011787037037037054 0.004572916666666771
0 0.3888888888888889 0.56796875 0.005777777777777733 0.004906249999999978
0 0.38263888888888886 0.560640625 0.009074074074074031 0.003911458333333506
0 0.36300925925925925 0.5637916666666667 0.008953703703703613 0.0031822916666667924
0 0.3574166666666666 0.5578229166666666 0.0076574074074073906 0.0031822916666667924
0 0.4175833333333333 0.6037031249999999 0.010138888888888984 0.0031822916666667924
0 0.4444537037037037 0.6090052083333333 0.005888888888888902 0.0023854166666666286
0 0.44863888888888886 0.6480208333333334 0.0067222222222222665 0.004041666666666721
0 0.44062962962962965 0.6698333333333333 0.00625 0.004572916666666771
0 0.48270370370370375 0.6742083333333333 0.0069537037037036955 0.002848958333333229
0 0.49920370370370365 0.686140625 0.011194444444444368 0.004442708333333378
0 0.46196296296296296 0.6922083333333333 0.0069537037037036955 0.008088541666666772
0 0.4416296296296296 0.6996979166666667 0.008722222222222185 0.0031822916666667924
0 0.4764537037037037 0.7048385416666666 0.005537037037037054 0.005505208333333478
0 0.5873611111111111 0.7074895833333333 0.009787037037036978 0.004973958333333428
0 0.5841851851851851 0.6998020833333333 0.00600925925925932 0.006296875000000135
0 0.5435185185185185 0.6901510416666665 0.0069537037037036955 0.005567708333333421
0 0.5482314814814815 0.6998020833333333 0.0069537037037036955 0.003911458333333506
0 0.5347407407407407 0.6969479166666667 0.005888888888888744 0.003911458333333506
0 0.5391018518518518 0.6769270833333334 0.006129629629629581 0.004838541666666707
0 0.4831111111111111 0.6669479166666666 0.004481481481481353 0.0037135416666666645
0 0.48812037037037026 0.66015625 0.005064814814814788 0.003380208333333279
0 0.5109907407407407 0.6480208333333334 0.0076574074074073906 0.004838541666666707
0 0.5465833333333333 0.6515364583333334 0.004833333333333359 0.004708333333333314
0 0.5274907407407408 0.640296875 0.005777777777777733 0.005567708333333421
0 0.5912499999999999 0.6651614583333332 0.007898148148148071 0.006494791666666622
0 0.6375740740740741 0.675765625 0.013083333333333435 0.004375000000000106
0 0.6663888888888889 0.6976770833333333 0.007074074074074114 0.004041666666666721
0 0.6289722222222222 0.7113020833333333 0.004833333333333359 0.004109374999999993
0 0.664861111111111 0.68365625 0.005888888888888744 0.0039791666666666005
0 0.6593148148148147 0.687203125 0.007074074074074114 0.0037812500000001135
0 0.6743425925925925 0.685546875 0.009787037037036978 0.004708333333333314
0 0.7113518518518518 0.680671875 0.006481481481481508 0.0038437500000000568
0 0.705287037037037 0.696484375 0.005185185185185048 0.0032499999999998862
0 0.6985092592592592 0.6996354166666666 0.005305555555555625 0.004640624999999865
0 0.7255555555555555 0.7026822916666667 0.0037685185185185647 0.004375000000000106
0 0.7273240740740741 0.6953229166666667 0.004481481481481511 0.0045104166666666504
0 0.7327499999999999 0.6894218750000001 0.005888888888888902 0.0035781249999999433
0 0.7342777777777777 0.675765625 0.0066018518518518475 0.0025208333333333497
0 0.7380462962962963 0.669703125 0.005657407407407315 0.003911458333333506
0 0.7468333333333333 0.6687708333333333 0.003657407407407555 0.0041770833333332645
0 0.7267314814814815 0.6604531249999999 0.005185185185185206 0.004244791666666714
0 0.7213703703703703 0.66128125 0.003657407407407555 0.0027187499999998367
0 0.7183055555555555 0.6605520833333334 0.005305555555555467 0.0032499999999998862
0 0.8027592592592593 0.6903541666666666 0.005425925925925728 0.0035781249999999433
0 0.809712962962963 0.7042760416666667 0.005657407407407315 0.004640624999999865
0 0.6516018518518518 0.670828125 0.007425925925925962 0.004572916666666771
0 0.6466481481481481 0.66234375 0.0076574074074073906 0.0037812500000001135
0 0.6303796296296296 0.6516354166666667 0.00625 0.004109374999999993
0 0.6422870370370369 0.6475572916666665 0.012138888888888744 0.002583333333333293
0 0.670398148148148 0.6459010416666666 0.008018518518518647 0.0032499999999998862
0 0.7556666666666666 0.653125 0.007425925925925804 0.0027187499999998367
0 0.7537870370370371 0.6480572916666667 0.005305555555555467 0.0038437500000000568
0 0.7825462962962962 0.6513020833333333 0.0069537037037036955 0.004770833333333257
0 0.7992777777777778 0.6564427083333333 0.00931481481481487 0.004572916666666771
0 0.8383518518518517 0.6740104166666666 0.007305555555555543 0.004708333333333314
0 0.8873796296296296 0.64709375 0.005888888888888902 0.004572916666666771
0 0.8401759259259258 0.64765625 0.00931481481481487 0.0035781249999999433
0 0.837462962962963 0.6406302083333333 0.010249999999999836 0.004109374999999993
0 0.8193703703703703 0.6372135416666667 0.007074074074074272 0.0041770833333332645
0 0.8140092592592592 0.6336041666666666 0.006722222222222109 0.0035781249999999433
0 0.80175 0.6369479166666666 0.008129629629629499 0.003380208333333279
0 0.7844259259259259 0.6300208333333334 0.008842592592592445 0.0038437500000000568
0 0.7841296296296295 0.6236249999999999 0.005888888888888902 0.004307291666666657
0 0.7605648148148146 0.6253802083333333 0.008250000000000075 0.0038437500000000568
0 0.7326851851851851 0.6265104166666667 0.006722222222222109 0.0045104166666666504
0 0.8544351851851851 0.6227291666666667 0.006009259259259162 0.004906249999999978
0 0.8672222222222222 0.62421875 0.008481481481481663 0.003911458333333506
0 0.9113055555555556 0.6163958333333334 0.007546296296296381 0.007890625000000106
0 0.9021111111111111 0.600484375 0.008481481481481663 0.006296875000000135
0 0.9220277777777777 0.5955468749999999 0.008250000000000075 0.0035781249999999433
0 0.8712962962962962 0.5997239583333334 0.0069537037037036955 0.005567708333333421
0 0.8565555555555556 0.6043645833333333 0.01072222222222226 0.0045104166666666504
0 0.8094722222222221 0.6076145833333333 0.007074074074074272 0.0030520833333333997
0 0.8506666666666667 0.594953125 0.006009259259259162 0.005833333333333179
0 0.8287129629629629 0.5948958333333334 0.0034444444444444696 0.003114583333333343
0 0.8049259259259258 0.6007239583333334 0.005777777777777891 0.004255208333333371
0 0.8965277777777778 0.5866145833333333 0.006268518518518501 0.005776041666666743
0 0.8816759259259258 0.5807864583333332 0.0062129629629629965 0.003942708333333478
0 0.8794351851851852 0.5741822916666667 0.006027777777777664 0.0048437500000000355
0 0.8663425925925926 0.5793697916666667 0.006398148148148329 0.004286458333333343
0 0.8226296296296296 0.5798020833333333 0.005037037037037193 0.0040468750000000496
0 0.7933611111111112 0.5839010416666666 0.007250000000000038 0.004635416666666714
0 0.8639999999999999 0.5719010416666667 0.005166666666666705 0.004010416666666572
0 0.8586203703703703 0.5686822916666665 0.00522222222222221 0.004770833333333257
0 0.8471574074074073 0.5657604166666667 0.006398148148148329 0.005567708333333421
0 0.8584722222222221 0.558828125 0.008851851851851696 0.004562500000000113
0 0.7953611111111111 0.5592968749999999 0.011499999999999962 0.004114583333333322
0 0.7789814814814814 0.5513958333333333 0.006759259259259112 0.005604166666666721
0 0.7889999999999999 0.54034375 0.009833333333333232 0.004114583333333322
0 0.8203518518518518 0.5368541666666666 0.009592592592592394 0.005151041666666601
0 0.7339814814814816 0.5462239583333333 0.008240740740740824 0.0039791666666666005
0 0.8545648148148147 0.535953125 0.007685185185185143 0.0032864583333333643
0 0.8981574074074073 0.5351770833333334 0.006574074074074095 0.0041510416666666215
0 0.9393148148148147 0.5394114583333334 0.009712962962962972 0.00390625
0 0.9424166666666666 0.5665937499999999 0.007564814814814882 0.0040468750000000496
0 0.4674907407407407 0.6330885416666666 0.012407407407407334 0.00372916666666665
0 0.4906203703703704 0.6469010416666666 0.006944444444444444 0.00390625
0 0.5418981481481481 0.6415781249999999 0.0076759259259258925 0.004614583333333399
0 0.49141666666666667 0.6340625 0.006833333333333434 0.004494791666666664
0 0.47200925925925924 0.62746875 0.009675925925925968 0.004557291666666607
0 0.5376851851851852 0.6156354166666667 0.0076759259259258925 0.004791666666666572
0 0.5236481481481481 0.6087135416666667 0.010305555555555656 0.00443750000000005
0 0.5781759259259259 0.6154010416666666 0.007462962962962965 0.00372916666666665
0 0.5503055555555556 0.5955520833333333 0.006833333333333434 0.0034322916666667423
0 0.4699074074074074 0.5907916666666666 0.007574074074073975 0.0038437500000000568
0 0.47978703703703696 0.5847552083333334 0.008833333333333353 0.0038437500000000568
0 0.46969444444444436 0.5849635416666666 0.007574074074073975 0.003078124999999865
0 0.4500833333333333 0.5791666666666666 0.007046296296296361 0.0028385416666665718
0 0.4945648148148148 0.5776249999999999 0.005990740740740819 0.004968749999999922
0 0.5138703703703704 0.5660624999999999 0.0071481481481481205 0.006447916666666664
0 0.5399537037037037 0.5773906249999999 0.006314814814814756 0.00544270833333318
0 0.40653703703703703 0.5534010416666666 0.008518518518518509 0.005265625000000007
0 0.4156388888888889 0.5512708333333334 0.0054722222222221405 0.006213541666666522
0 0.4751111111111111 0.5463906249999999 0.007259259259259289 0.0033125000000000073
0 0.45197222222222216 0.5399427083333334 0.006833333333333276 0.004140624999999965
0 0.4852592592592592 0.5355677083333333 0.009675925925925968 0.005322916666666622
0 0.4039074074074074 0.5304166666666666 0.0076759259259258925 0.0035520833333333003
0 0.39312962962962955 0.5284687499999999 0.006731481481481517 0.00603645833333335
0 0.3984907407407407 0.5246822916666666 0.004833333333333359 0.004848958333333364
0 0.324037037037037 0.5279322916666667 0.005675925925925895 0.006151041666666579
0 0.3330740740740741 0.50128125 0.009888888888888817 0.003963541666666614
0 0.3204074074074074 0.4998020833333333 0.0049444444444444475 0.005739583333333265
0 0.3628425925925926 0.4958125 0.007574074074073975 0.005088541666666657
0 0.4070092592592592 0.49279166666666663 0.006731481481481517 0.004494791666666664
0 0.28380555555555553 0.487796875 0.005574074074074057 0.005145833333333449
0 0.33486111111111105 0.4739791666666666 0.006314814814814835 0.004020833333333407
0 0.34680555555555553 0.4745729166666666 0.007888888888888898 0.0042604166666667
0 0.37956481481481474 0.47273958333333327 0.005259259259259213 0.00390625
0 0.25325925925925924 0.522 0.00727777777777779 0.0030468749999998934
0 0.2404722222222222 0.5482812499999999 0.00523148148148146 0.004776041666666763
0 0.20915740740740738 0.5411406249999999 0.010546296296296257 0.004041666666666721
0 0.1944074074074074 0.53746875 0.006814814814814853 0.00603645833333335
0 0.19309259259259257 0.5228958333333333 0.009805555555555559 0.0035729166666666145
0 0.24191666666666664 0.5135729166666666 0.00905555555555553 0.006562499999999893
0 0.2188148148148148 0.47174999999999995 0.008962962962962943 0.003781249999999936
0 0.20369444444444443 0.4952760416666666 0.004481481481481432 0.003989583333333435
0 0.2522314814814815 0.4645052083333333 0.00933333333333337 0.0058802083333333146
0 0.2740833333333333 0.45977604166666663 0.00523148148148146 0.006302083333333286
0 0.2501851851851852 0.45586458333333335 0.00560185185185181 0.003515625
0 0.17750925925925926 0.47839062499999996 0.008870370370370355 0.007192708333333364
0 0.32523148148148145 0.4623489583333333 0.00523148148148146 0.005145833333333449
0 0.29354629629629625 0.446703125 0.006064814814814746 0.003677083333333364
0 0.24014814814814814 0.4477552083333333 0.008490740740740755 0.003463541666666714
0 0.3441944444444444 0.4601927083333333 0.005055555555555615 0.0037916666666665934
0 0.43091666666666667 0.467515625 0.0043981481481480955 0.004526041666666636
0 0.4225462962962963 0.44121354166666665 0.010111111111111072 0.0037395833333333075
0 0.4042407407407407 0.4364218749999999 0.005898148148148152 0.005531249999999943
0 0.5256944444444445 0.46356249999999993 0.004120370370370412 0.005265625000000007
0 0.5613611111111111 0.47098958333333324 0.010296296296296248 0.007265624999999965
0 0.6083518518518518 0.4535885416666666 0.006925925925925943 0.0105833333333333
0 0.6376481481481481 0.45819270833333337 0.014231481481481328 0.0048437500000000355
0 0.6347499999999999 0.4676718749999999 0.004675925925925937 0.005057291666666686
0 0.6314722222222222 0.4649322916666666 0.0071111111111111175 0.004635416666666714
0 0.6620833333333332 0.4988697916666666 0.005055555555555536 0.0046875
0 0.6057314814814815 0.47725520833333335 0.003185185185185288 0.0035781249999999433
0 0.6572129629629628 0.514296875 0.004305555555555587 0.0035260416666666574
0 0.5668796296296296 0.515796875 0.005990740740740819 0.004213541666666565
0 0.56225 0.5160625 0.0049629629629628705 0.003052083333333222
0 0.5714259259259259 0.5245364583333333 0.006462962962962927 0.0027395833333333287
0 0.6535 0.6401822916666667 0.00636111111111101 0.004552083333333279
0 0.6738518518518518 0.6325572916666666 0.004638888888888933 0.0039791666666666005
0 0.6821481481481482 0.6356927083333332 0.005814814814814737 0.004244791666666714
0 0.7012777777777777 0.6115625 0.007620370370370388 0.006010416666666707
0 0.7705833333333333 0.6024322916666667 0.008250000000000075 0.006145833333333428
0 0.686037037037037 0.5767499999999999 0.007620370370370388 0.0038437500000000568
0 0.693462962962963 0.572640625 0.011472222222222368 0.004552083333333279
0 0.6764907407407408 0.5704114583333333 0.005185185185185048 0.002739583333333506
0 0.6471018518518518 0.5619010416666665 0.005500000000000051 0.004463541666666693
0 0.628824074074074 0.5825208333333334 0.004638888888888933 0.00415624999999995
0 0.6071018518518518 0.5971302083333333 0.005972222222222317 0.002963541666666636
0 0.5974722222222222 0.5825208333333334 0.005583333333333308 0.003270833333333378
0 0.6474907407407406 0.5518124999999999 0.007814814814814813 0.005828125000000029
0 0.6105277777777778 0.5529218749999999 0.006907407407407441 0.003239583333333229
0 0.6062037037037038 0.5411041666666667 0.005509259259259301 0.0036562500000000497
0 0.9541111111111111 0.5232708333333334 0.005972222222222159 0.003640625000000064
0 0.9493796296296295 0.5195989583333332 0.00726851851851854 0.004145833333333293
0 0.9327962962962961 0.5139427083333332 0.007962962962962984 0.0033593749999999644
0 0.9503240740740739 0.5124583333333332 0.009166666666666856 0.003755208333333293
0 0.9123796296296296 0.5077552083333333 0.007768518518518716 0.005322916666666622
0 0.9510740740740741 0.49316145833333336 0.011453703703703707 0.0050416666666666995
0 0.7760833333333333 0.4989843749999999 0.00587962962962965 0.003921874999999986
0 0.8204074074074074 0.5115624999999999 0.009462962962962883 0.003979166666666778
0 0.8609907407407407 0.50696875 0.004981481481481688 0.004427083333333392
0 0.8746851851851851 0.5072760416666666 0.008064814814814743 0.0063854166666667215
0 0.8224999999999999 0.49422395833333327 0.00726851851851854 0.005828125000000029
0 0.88425 0.4966041666666666 0.007666666666666641 0.003640625000000064
0 0.7591018518518517 0.514671875 0.005972222222222159 0.0034739583333333714
0 0.878972222222222 0.4833854166666667 0.009861111111111301 0.005208333333333393
0 0.8543703703703703 0.47806249999999995 0.005675925925926132 0.003755208333333293
0 0.8878333333333334 0.4710885416666667 0.005675925925926132 0.003250000000000064
0 0.9218888888888889 0.469515625 0.008861111111110946 0.007505208333333435
0 0.9649629629629629 0.467390625 0.009759259259259226 0.005489583333333314
0 0.861287037037037 0.45772395833333335 0.007962962962962984 0.003531249999999986
0 0.8680092592592593 0.45231770833333335 0.006870370370370438 0.004031250000000064
0 0.888175925925926 0.46568229166666664 0.007564814814814882 0.004760416666666778
0 0.893861111111111 0.45318749999999997 0.007768518518518716 0.005770833333333236
0 0.9015740740740741 0.4583125 0.009657407407407467 0.004593749999999908
0 0.9398703703703702 0.435765625 0.010555555555555745 0.004312499999999986
0 0.9233888888888888 0.44103125 0.012648148148148328 0.005656250000000007
0 0.9172592592592592 0.4370833333333334 0.006370370370370576 0.0026875000000000427
0 0.9130277777777778 0.444921875 0.005481481481481549 0.005156250000000107
0 0.8954537037037037 0.434671875 0.0061759259259259935 0.003921874999999986
0 0.8851388888888888 0.43526041666666665 0.007870370370370475 0.003755208333333293
0 0.960787037037037 0.4180624999999999 0.009759259259259226 0.004760416666666778
0 0.9374814814814815 0.41881770833333326 0.009361111111111124 0.003135416666666657
0 0.9488333333333333 0.4102447916666666 0.006972222222222197 0.0034739583333333714
0 0.9415648148148148 0.4096875 0.006972222222222197 0.003921874999999986
0 0.897148148148148 0.408984375 0.005175925925925955 0.004088541666666679
0 0.8737407407407406 0.4035520833333333 0.007370370370370299 0.003755208333333293
0 0.8677592592592592 0.3966614583333333 0.007370370370370299 0.0048749999999999185
0 0.8127407407407407 0.39688541666666666 0.004879629629629613 0.005656249999999918
0 0.7934166666666667 0.4504687499999999 0.012851851851851847 0.005265625000000007
0 0.7870925925925925 0.46099999999999997 0.007768518518518716 0.0034739583333333714
0 0.7141851851851853 0.45131249999999995 0.005777777777777891 0.004932291666666621
0 0.7278333333333333 0.4507239583333333 0.005972222222222159 0.003979166666666778
0 0.7328148148148148 0.45402604166666666 0.007962962962962984 0.0054322916666667
0 0.7189166666666665 0.463859375 0.007074074074074272 0.003807291666666579
0 0.7501388888888888 0.43066666666666664 0.006370370370370576 0.0046510416666667
0 0.7203148148148149 0.451171875 0.0060740740740739185 0.003416666666666579
0 0.6977222222222221 0.4065729166666666 0.006564814814814687 0.005843750000000014
0 0.7230925925925926 0.40045833333333325 0.005731481481481638 0.006515624999999981
0 0.6834537037037036 0.39126041666666667 0.013851851851851886 0.005307291666666725
0 0.7210648148148148 0.385078125 0.00931481481481487 0.003427083333333325
0 0.7649999999999999 0.3817239583333333 0.008361111111111087 0.0047708333333333465
0 0.8074537037037035 0.38460937500000003 0.013972222222222146 0.006515625000000025
0 0.7941388888888888 0.3745677083333333 0.008833333333333195 0.006046874999999919
0 0.8047685185185185 0.3725208333333333 0.00716666666666678 0.0035572916666666288
0 0.9075092592592592 0.3662395833333333 0.010148148148148076 0.004432291666666632
0 0.912648148148148 0.3763802083333333 0.005129629629629701 0.005640624999999932
0 0.8960462962962963 0.369734375 0.007046296296296203 0.0049687500000000105
0 0.8739537037037037 0.35996354166666666 0.008481481481481663 0.003963541666666614
0 0.8721666666666668 0.37863020833333333 0.009194444444444609 0.005307291666666725
0 0.8367685185185185 0.3743020833333333 0.009074074074074031 0.0055052083333333
0 0.8383518518518517 0.36890624999999994 0.007824074074074221 0.003729166666666739
0 0.8474999999999999 0.37588020833333335 0.004111111111111162 0.0023125000000000285
0 0.8453148148148149 0.37811979166666665 0.0037129629629630598 0.0030572916666666396
0 0.8399814814814814 0.36568229166666666 0.0070925925925927735 0.0024999999999999467
0 0.7883333333333332 0.35982291666666666 0.004842592592592609 0.002723958333333343
0 0.7856481481481481 0.3513958333333333 0.0066296296296296 0.0034687500000000425
0 0.775074074074074 0.34046875 0.005898148148148152 0.003989583333333347
0 0.7693055555555556 0.3349479166666667 0.005240740740740712 0.002723958333333343
0 0.8011944444444443 0.33690625 0.009351851851851873 0.004625000000000057
0 0.8365277777777778 0.32229166666666664 0.015583333333333371 0.005666666666666753
0 0.8249259259259258 0.33198437499999994 0.006694444444444356 0.0032812499999999465
0 0.8737592592592591 0.32784375 0.009675925925925968 0.0048489583333332755
0 0.6920092592592593 0.3514791666666667 0.010555555555555587 0.004338541666666629
0 0.6713148148148148 0.3358333333333333 0.007342592592592704 0.006505208333333368
0 0.5982314814814815 0.3352395833333333 0.016888888888888846 0.007593749999999932
0 0.6938055555555555 0.32431770833333334 0.008629629629629518 0.0072291666666667535
0 0.6730092592592593 0.3179895833333333 0.009268518518518457 0.003973958333333361
0 0.6546944444444445 0.3148385416666667 0.009361111111110966 0.006661458333333314
0 0.6742037037037036 0.31021875 0.007620370370370388 0.004645833333333372
0 0.6173703703703703 0.31615624999999997 0.010370370370370412 0.005166666666666675
0 0.6356851851851851 0.28460416666666666 0.013583333333333454 0.004854166666666604
0 0.6724999999999999 0.2922708333333333 0.01010185185185198 0.006453125000000082
0 0.6949537037037037 0.2974895833333333 0.011657407407407384 0.004802083333333318
0 0.705324074074074 0.2864114583333333 0.007805555555555562 0.007437499999999986
0 0.7393888888888888 0.29418229166666665 0.011296296296296443 0.004593749999999996
0 0.7372777777777777 0.28352083333333333 0.008166666666666503 0.0078489583333333
0 0.7515092592592592 0.290953125 0.009824074074073982 0.005578124999999989
0 0.7738148148148147 0.30430729166666665 0.009824074074073982 0.00852083333333331
0 0.7970462962962961 0.32152604166666665 0.008351851851851834 0.005578124999999989
0 0.816962962962963 0.303890625 0.010009259259259313 0.005421875000000043
0 0.6731944444444443 0.27455729166666665 0.008907407407407359 0.004802083333333318
0 0.7294722222222223 0.26193229166666665 0.008722222222222185 0.0039270833333333146
0 0.6390833333333333 0.2771927083333333 0.01046296296296292 0.005317708333333382
0 0.6446851851851851 0.26066666666666666 0.008444444444444343 0.006557291666666654
0 0.625638888888889 0.26219270833333336 0.010370370370370412 0.004854166666666692
0 0.5886851851851851 0.2728020833333333 0.00881481481481485 0.007072916666666628
0 0.5422222222222222 0.27636458333333336 0.0095462962962963 0.0030468749999999823
0 0.5210185185185185 0.28938020833333333 0.010833333333333427 0.003562499999999957
0 0.5397962962962962 0.26921354166666667 0.00724999999999988 0.004645833333333372
0 0.5948796296296296 0.25279166666666664 0.010555555555555587 0.0032031250000000176
0 0.5745925925925925 0.24566666666666664 0.007435185185185212 0.005062500000000014
0 0.511611111111111 0.253515625 0.00816666666666666 0.0032031250000000176
0 0.4993518518518518 0.2467239583333333 0.0064259259259259235 0.005526041666666703
0 0.5382777777777777 0.2345625 0.005324074074074127 0.006609375000000028
0 0.5464537037037036 0.23094791666666667 0.010287037037036997 0.005786458333333311
0 0.6199907407407407 0.23732291666666666 0.009731481481481473 0.005526041666666703
0 0.543787037037037 0.2215208333333333 0.007157407407407372 0.0046979166666666575
0 0.5271203703703703 0.2232239583333333 0.007064814814814863 0.00501041666666664
0 0.45317592592592587 0.22779687499999998 0.011018518518518445 0.006093750000000053
0 0.6497314814814815 0.23993229166666669 0.007527777777777879 0.002270833333333311
0 0.6569907407407407 0.240578125 0.0077129629629628955 0.003151041666666643
0 0.37025925925925923 0.23505729166666667 0.006750000000000019 0.0060052083333332895
0 0.3388518518518518 0.24086979166666667 0.00904629629629628 0.005166666666666675
0 0.3941666666666666 0.24926562499999996 0.008648148148148177 0.007369791666666625