0 0.7584629629629629 0.16209895833333335 0.013694444444444306 0.005312500000000009
0 0.6864444444444444 0.18753124999999998 0.013111111111111186 0.005421874999999998
0 0.5353703703703704 0.16936458333333332 0.010222222222222242 0.0055312499999999876
0 0.6575185185185185 0.2400833333333333 0.010796296296296425 0.005531250000000032
0 0.4169722222222222 0.17597916666666666 0.013305555555555612 0.005312500000000009
0 0.45225925925925925 0.19664062499999999 0.011379629629629543 0.00802604166666665
0 0.4436851851851852 0.20374479166666665 0.012722222222222178 0.005312500000000053
0 0.40772222222222215 0.2129114583333333 0.0117592592592593 0.007156249999999975
0 0.2796851851851852 0.222078125 0.0117592592592593 0.00770312500000001
0 0.23707407407407408 0.27050520833333336 0.012148148148148153 0.006505208333333368
0 0.21856481481481482 0.2743020833333333 0.011379629629629621 0.006291666666666629
0 0.25269444444444444 0.27777083333333336 0.00944444444444446 0.008458333333333368
0 0.2549074074074074 0.2888333333333333 0.011564814814814797 0.008895833333333325
0 0.2145185185185185 0.3003854166666667 0.00867592592592593 0.005531249999999943
0 0.18212037037037038 0.31926041666666666 0.010222222222222242 0.00813541666666664
0 0.29327777777777775 0.3164947916666666 0.010416666666666666 0.008677083333333346
0 0.40627777777777774 0.2841145833333333 0.010416666666666666 0.005312500000000053
0 0.5292962962962963 0.291328125 0.008870370370370355 0.0060729166666667386
0 0.6246481481481482 0.3280416666666667 0.011379629629629543 0.00618229166666664
0 0.5610277777777777 0.411640625 0.006222222222222248 0.003911458333333328
0 0.16429629629629627 0.44943229166666665 0.010166666666666697 0.006442708333333336
0 0.1897222222222222 0.4326614583333333 0.008185185185185162 0.004994791666666565
0 0.1796111111111111 0.470046875 0.010407407407407416 0.007958333333333378
0 0.15178703703703703 0.49861458333333336 0.008296296296296291 0.005390624999999894
0 0.1702037037037037 0.5172552083333333 0.008879629629629607 0.006380208333333392
0 0.28470370370370374 0.5482604166666667 0.012277777777777743 0.004734375000000135
0 0.3563055555555555 0.514625 0.007009259259259318 0.006114583333333279
0 0.1743888888888889 0.5917239583333332 0.007092592592592616 0.004135416666666636
0 0.21475 0.5955885416666666 0.013537037037037042 0.004822916666666721
0 0.18996296296296294 0.6102916666666667 0.010898148148148105 0.005437500000000028
0 0.21333333333333332 0.6176927083333333 0.009157407407407368 0.004567708333333265
0 0.1954074074074074 0.6224218749999999 0.01199074074074073 0.0048958333333333215
0 0.2283888888888889 0.6249062499999999 0.009731481481481473 0.005802083333333208
0 0.22919444444444442 0.678359375 0.01224999999999999 0.004640624999999865
0 0.23209259259259257 0.6893645833333333 0.008509259259259256 0.004531249999999964
0 0.24630555555555553 0.6985208333333334 0.010638888888888923 0.007833333333333314
0 0.2565925925925926 0.7082083333333333 0.0116018518518518 0.004713541666666821
0 0.2840555555555555 0.705125 0.0116018518518518 0.004208333333333236
0 0.2834074074074074 0.6889322916666666 0.01134259259259262 0.005473958333333506
0 0.32908333333333334 0.6884947916666666 0.013472222222222207 0.0048958333333333215
0 0.3055833333333333 0.7064114583333333 0.007990740740740736 0.0035885416666666
0 0.3365648148148148 0.7228541666666667 0.0076759259259258925 0.005296874999999979
0 0.39397222222222217 0.7301822916666667 0.006314814814814914 0.006166666666666742
0 0.405712962962963 0.7518854166666665 0.006314814814814914 0.0056927083333333075
0 0.3863055555555555 0.7608437499999999 0.013407407407407371 0.006635416666666494
0 0.4313981481481482 0.7750416666666666 0.013861111111111137 0.004786458333333421
0 0.5317129629629629 0.76421875 0.007416666666666711 0.0027187499999998367
0 0.5253981481481481 0.7441614583333334 0.0076759259259258925 0.0063437499999999146
0 0.5082777777777778 0.7372552083333332 0.01005555555555541 0.005947916666666764
0 0.45670370370370367 0.727171875 0.009287037037036958 0.007979166666666693
0 0.5057592592592592 0.6680625 0.008111111111111156 0.003510416666666494
0 0.36877777777777776 0.6178802083333332 0.013101851851851778 0.004401041666666572
0 0.35053703703703704 0.6322552083333333 0.007453703703703635 0.004036458333333393
0 0.4358981481481481 0.5527708333333333 0.010509259259259333 0.00544270833333318
0 0.5858981481481481 0.7770364583333333 0.011888888888888813 0.005182291666666572
0 0.6892037037037038 0.7033124999999999 0.011583333333333378 0.005130208333333286
0 0.6133148148148148 0.5800625 0.00893518518518527 0.0037239583333333213
0 0.59025 0.5323802083333332 0.01199074074074073 0.004244791666666714
0 0.8105925925925926 0.5174322916666666 0.009990740740740812 0.0039427083333333
0 0.8996203703703703 0.547890625 0.007435185185185054 0.006442708333333336
0 0.8259537037037036 0.6526458333333333 0.007083333333333523 0.006119791666666608
0 0.8617129629629628 0.7430208333333332 0.005462962962963047 0.003854166666666714
0 0.9600740740740741 0.7204427083333333 0.011990740740740573 0.005989583333333393
0 0.3438703703703703 0.36645833333333333 0.010879629629629604 0.005520833333333286
0 0.2613611111111111 0.43003645833333326 0.005138888888888873 0.0033072916666666784
0 0.4885185185185185 0.7748177083333333 0.006333333333333258 0.0022500000000000853