0 0.370462962962963 0.27454166666666663 0.013416666666666622 0.009354166666666686
0 0.3028611111111111 0.275203125 0.010870370370370353 0.006401041666666618
0 0.2510277777777778 0.3304947916666666 0.0137777777777778 0.007484374999999943
0 0.3697407407407407 0.3315625 0.014138888888888819 0.010234375000000018
0 0.4612685185185185 0.36087499999999995 0.010148148148148234 0.005859375
0 0.44985185185185184 0.37249479166666666 0.01124074074074078 0.005854166666666672
0 0.17055555555555554 0.341703125 0.011601851851851839 0.007270833333333382
0 0.11690740740740739 0.368625 0.010870370370370353 0.010958333333333315
0 0.1361111111111111 0.39858854166666663 0.012324074074074076 0.007265625000000009
0 0.09696296296296296 0.4079635416666666 0.012324074074074076 0.008890624999999907
0 0.0647962962962963 0.43927083333333333 0.013231481481481467 0.006046875000000007
0 0.08935185185185185 0.4666979166666666 0.013416666666666672 0.010749999999999992
0 0.10050925925925926 0.587125 0.011148148148148154 0.009166666666666679
0 0.15338888888888888 0.6086510416666666 0.01557407407407408 0.007401041666666686
0 0.10600925925925925 0.6363749999999999 0.01327777777777778 0.005848958333333343
0 0.1760185185185185 0.6890416666666667 0.010657407407407405 0.00824479166666663
0 0.22062037037037036 0.7222916666666667 0.014268518518518567 0.008338541666666721
0 0.2990833333333333 0.738796875 0.016722222222222173 0.009807291666666629
0 0.36056481481481484 0.69675 0.01377777777777776 0.009828124999999943
0 0.3954074074074074 0.7320625 0.01557407407407412 0.008515624999999893
0 0.3795833333333333 0.75834375 0.016398148148148235 0.007942708333333392
0 0.48059259259259257 0.7653125000000001 0.011805555555555555 0.0074947916666666
0 0.5227314814814814 0.6868385416666667 0.011481481481481618 0.007713541666666579
0 0.6057037037037036 0.7066145833333334 0.010166666666666737 0.005765625000000085
0 0.6894907407407407 0.749171875 0.016398148148148235 0.008979166666666493
0 0.6998148148148148 0.659171875 0.014101851851851817 0.00845833333333328
0 0.8283703703703703 0.7064322916666665 0.013777777777777878 0.009276041666666578
0 0.6817037037037037 0.61221875 0.019509259259259202 0.010656250000000079
0 0.748925925925926 0.5850572916666665 0.01033333333333341 0.005593749999999886
0 0.8472222222222222 0.6064062499999999 0.013120370370370438 0.006776041666666721
0 0.9623333333333332 0.5138958333333333 0.01606481481481473 0.008255208333333286
0 0.9727407407407406 0.4808854166666666 0.01426851851851849 0.008640624999999957
0 0.9586388888888888 0.44366666666666665 0.013611111111111048 0.007807291666666672
0 0.7108055555555555 0.2642291666666667 0.012787037037037013 0.008078125000000025
0 0.6904722222222222 0.2803645833333333 0.013444444444444375 0.009359375000000014
0 0.664074074074074 0.3069166666666666 0.017712962962963118 0.008234374999999971
0 0.5279814814814815 0.3645625 0.010166666666666737 0.00565104166666659
0 0.4920740740740741 0.3160625 0.013120370370370438 0.008265624999999943
0 0.2456296296296296 0.42314583333333333 0.01606481481481481 0.007713541666666579
0 0.31211111111111106 0.4359635416666666 0.01426851851851849 0.008994791666666658
0 0.29834259259259255 0.549953125 0.016231481481481482 0.010083333333333399
0 0.3654907407407407 0.550875 0.017712962962962958 0.008609375000000164
0 0.30810185185185185 0.5969010416666667 0.015083333333333273 0.00824479166666663
0 0.3630277777777778 0.6375260416666666 0.014759259259259257 0.009250000000000114
0 0.38466666666666666 0.6405208333333332 0.010824074074074177 0.006942708333333237
0 0.5518888888888889 0.44022395833333333 0.013222222222222198 0.008411458333333321
0 0.3840833333333333 0.3713489583333333 0.012481481481481498 0.0045052083333334105
0 0.4628148148148148 0.48482812499999994 0.010268518518518495 0.0039427083333333