0 0.39468518518518514 0.345 0.02382407407407404 0.011421875000000003
0 0.37402777777777774 0.3083125 0.015240740740740775 0.011505208333333261
0 0.4001574074074074 0.312390625 0.014129629629629568 0.006942708333333325
0 0.3031203703703704 0.30259375 0.009601851851851882 0.006244791666666671
0 0.2935185185185185 0.2915729166666667 0.012796296296296342 0.008499999999999997
0 0.263 0.30563020833333326 0.014129629629629648 0.007369791666666714
0 0.16482407407407404 0.35527604166666665 0.012925925925925895 0.006333333333333346
0 0.1865462962962963 0.35965624999999996 0.014796296296296339 0.007453124999999972
0 0.3080555555555555 0.3755520833333333 0.016259259259259234 0.007901041666666674
0 0.44587962962962957 0.4654583333333333 0.014398148148148158 0.009406249999999972
0 0.4853425925925925 0.4752760416666666 0.012527777777777752 0.009249999999999935
0 0.23740740740740737 0.5173385416666666 0.01492592592592593 0.009703125000000057
0 0.18374999999999997 0.480375 0.009999999999999985 0.008656249999999944
0 0.20014814814814813 0.47906249999999995 0.010796296296296345 0.007078124999999958
0 0.1602222222222222 0.5005885416666667 0.015731481481481503 0.007687499999999936
0 0.11330555555555555 0.5004010416666667 0.016259259259259275 0.00866145833333345
0 0.07185185185185185 0.5521666666666667 0.01492592592592593 0.008723958333333393
0 0.09550925925925925 0.62775 0.014259259259259268 0.008729166666666722
0 0.11616666666666665 0.6278229166666667 0.012398148148148162 0.009473958333333421
0 0.17555555555555555 0.6388072916666666 0.013592592592592585 0.0069947916666665225
0 0.17475 0.716671875 0.013592592592592606 0.007067708333333478
0 0.1885462962962963 0.7114635416666666 0.014796296296296339 0.006098958333333293
0 0.3604351851851852 0.7569739583333334 0.016259259259259196 0.008046874999999964
0 0.412287037037037 0.7545 0.011999999999999981 0.0067031249999999435
0 0.4321481481481481 0.7949895833333334 0.01492592592592593 0.007145833333333229
0 0.47047222222222224 0.7899270833333334 0.0139999999999999 0.007369791666666714
0 0.5068703703703703 0.7745989583333334 0.012398148148148241 0.00955729166666668
0 0.5923055555555556 0.7633541666666667 0.014527777777777829 0.00866145833333345
0 0.8261203703703703 0.7275729166666667 0.012620370370370577 0.007249999999999979
0 0.8416481481481481 0.63275 0.016027777777777728 0.006255208333333507
0 0.8081944444444444 0.60509375 0.01642592592592583 0.009765625
0 0.9684722222222222 0.55934375 0.012425925925925993 0.008874999999999921
0 0.9835925925925925 0.5672864583333334 0.012620370370370577 0.007854166666666629
0 0.9814907407407407 0.5078489583333333 0.0075185185185183126 0.0070208333333333425
0 0.9271759259259258 0.4493489583333333 0.011842592592592559 0.007687499999999936
0 0.9533981481481482 0.4205052083333333 0.013351851851852024 0.009218749999999965
0 0.7729537037037036 0.3097864583333333 0.012925925925925855 0.008270833333333361
0 0.6286666666666666 0.316015625 0.014064814814814813 0.007312500000000011
0 0.6447129629629629 0.3581875 0.013203703703703695 0.009213541666666724
0 0.11925925925925927 0.40389583333333334 0.012407407407407412 0.006244791666666671
0 0.07659259259259259 0.4429166666666666 0.012564814814814815 0.009838541666666778
0 0.39135185185185184 0.6534583333333334 0.012527777777777752 0.005552083333333258
0 0.4695462962962963 0.5011249999999999 0.015287037037037028 0.008369791666666692
0 0.5921388888888889 0.5313645833333334 0.012981481481481517 0.009447916666666601
0 0.5947129629629628 0.4552135416666666 0.012805555555555435 0.008354166666666708
0 0.6066296296296296 0.4213697916666666 0.011018518518518603 0.008473958333333264
0 0.6975277777777779 0.3470625 0.006398148148148171 0.006192708333333385