0 0.3538425925925926 0.2709583333333333 0.01595370370370372 0.007874999999999943
0 0.3635277777777778 0.27963541666666664 0.011666666666666634 0.011338541666666656
0 0.33385185185185184 0.29690625 0.016129629629629567 0.008822916666666725
0 0.40118518518518514 0.30264583333333334 0.01389814814814814 0.006984375000000043
0 0.5277129629629629 0.28542708333333333 0.014750000000000006 0.007864583333333286
0 0.6190277777777777 0.31331770833333333 0.008277777777777828 0.004635416666666714
0 0.9145277777777778 0.39573437499999997 0.01157407407407397 0.009161458333333306
0 0.9234351851851851 0.44685416666666666 0.00856481481481492 0.005187500000000078
0 0.968212962962963 0.5415416666666666 0.009953703703703808 0.007124999999999914
0 0.9485462962962964 0.5593697916666667 0.012268518518518413 0.00685416666666665
0 0.9273703703703703 0.5661145833333333 0.01018518518518508 0.006671874999999971
0 0.9185740740740739 0.62871875 0.0125 0.007703124999999922
0 0.8935277777777777 0.670734375 0.01261111111111101 0.008942708333333372
0 0.8574259259259258 0.6539114583333333 0.009833333333333232 0.007718750000000085
0 0.7501111111111111 0.7247552083333333 0.008333333333333333 0.008036458333333307
0 0.5723888888888888 0.739953125 0.008333333333333333 0.007583333333333364
0 0.3894629629629629 0.780953125 0.011805555555555555 0.008750000000000036
0 0.31563888888888886 0.7288177083333333 0.010648148148148174 0.007958333333333378
0 0.2624166666666667 0.7102760416666667 0.011111111111111112 0.006281249999999972
0 0.21243518518518517 0.7353541666666666 0.011111111111111112 0.008156249999999865
0 0.21723148148148147 0.6861614583333333 0.014462962962962993 0.008171875000000028
0 0.23817592592592593 0.6918229166666666 0.010527777777777756 0.007000000000000029
0 0.2303703703703704 0.6768281249999999 0.010879629629629604 0.008114583333333236
0 0.14555555555555552 0.65128125 0.012037037037037023 0.008697916666666573
0 0.11720370370370368 0.637078125 0.012268518518518493 0.009192708333333322
0 0.06750925925925925 0.5925312500000001 0.012842592592592596 0.009135416666666707
0 0.04251851851851851 0.5067239583333333 0.010064814814814815 0.0073854166666667
0 0.05860185185185184 0.504640625 0.013074074074074064 0.007130208333333421
0 0.057851851851851835 0.45221874999999995 0.010879629629629623 0.005765624999999908
0 0.10471296296296297 0.454984375 0.010185185185185198 0.007781250000000029
0 0.11904629629629629 0.4144166666666666 0.00981481481481481 0.008255208333333286
0 0.1280925925925926 0.383125 0.010120370370370363 0.00952083333333329
0 0.17294444444444443 0.39675520833333333 0.01084259259259256 0.008479166666666682
0 0.14124074074074072 0.37219791666666663 0.01288888888888889 0.007687500000000025
0 0.23093518518518516 0.37754166666666666 0.012685185185185174 0.007671875000000039
0 0.28749074074074077 0.3597708333333333 0.01288888888888885 0.007338541666666654
0 0.2384074074074074 0.31709895833333335 0.011620370370370382 0.006197916666666714
0 0.38958333333333334 0.34894791666666664 0.016574074074074 0.009812499999999957
0 0.44075925925925924 0.37551562499999996 0.014583333333333334 0.00748958333333336
0 0.4856296296296296 0.4817708333333333 0.011296296296296285 0.005807291666666714
0 0.27614814814814814 0.5303489583333333 0.01426851851851849 0.00696354166666655
0 0.38009259259259254 0.6544218749999999 0.01554629629629621 0.006171874999999894
0 0.477287037037037 0.6497968749999999 0.014351851851851904 0.009036458333333285
0 0.561037037037037 0.4084427083333333 0.00881481481481485 0.0047239583333333005
0 0.6571296296296296 0.4025520833333333 0.007324074074074202 0.007239583333333366
0 0.7242407407407406 0.6305208333333333 0.010685185185185258 0.006067708333333322
0 0.5157685185185185 0.49120833333333336 0.00498148148148153 0.003640625000000064
0 0.463 0.4984427083333333 0.0068148148148147744 0.0037604166666666216