0 0.08120370370370371 0.34316145833333334 0.014416666666666661 0.005869791666666657
0 0.10391666666666666 0.3369479166666667 0.007962962962962944 0.005484374999999986
0 0.23845370370370367 0.34888020833333333 0.010703703703703679 0.004322916666666643
0 0.10213888888888888 0.36019270833333333 0.01427777777777778 0.008880208333333339
0 0.09349074074074074 0.38045833333333334 0.006861111111111108 0.007567708333333289
0 0.2957685185185185 0.3939739583333333 0.0108425925925926 0.008031250000000068
0 0.3116203703703704 0.3913854166666667 0.012629629629629591 0.005171875000000004
0 0.1265 0.46107812499999995 0.009194444444444451 0.0075677083333333785
0 0.0688425925925926 0.43574999999999997 0.0108425925925926 0.0075677083333333785
0 0.04585185185185185 0.4427760416666667 0.01262962962962963 0.008958333333333356
0 0.03362962962962963 0.45880208333333333 0.00906481481481482 0.008572916666666685
0 0.14177777777777778 0.5933489583333333 0.005629629629629602 0.007093749999999943
0 0.10492592592592591 0.6344270833333333 0.009750000000000014 0.011192708333333279
0 0.07879629629629628 0.6582135416666667 0.00892592592592592 0.00756250000000005
0 0.10739814814814813 0.6554583333333334 0.009268518518518497 0.003411458333333428
0 0.04601851851851852 0.63878125 0.005092592592592594 0.005156250000000107
0 0.09324074074074074 0.6705364583333333 0.0064074074074073825 0.005348958333333265
0 0.1428333333333333 0.6587083333333333 0.008342592592592584 0.004234375000000057
0 0.12883333333333333 0.7062760416666667 0.007851851851851856 0.007161458333333393
0 0.20217592592592593 0.717578125 0.012935185185185185 0.006161458333333236
0 0.2080185185185185 0.7069270833333332 0.010361111111111083 0.007421875
0 0.22465740740740742 0.7050260416666667 0.006805555555555603 0.005885416666666821
0 0.17114814814814813 0.7314791666666667 0.008305555555555582 0.004291666666666494
0 0.12510185185185185 0.7485833333333333 0.013518518518518539 0.005703124999999964
0 0.15053703703703705 0.7598802083333334 0.008398148148148129 0.008307291666666572
0 0.17138888888888887 0.7616979166666666 0.011296296296296285 0.007385416666666522
0 0.14503703703703702 0.7693802083333333 0.008009259259259239 0.003744791666666636
0 0.2565740740740741 0.79071875 0.013518518518518539 0.004833333333333379
0 0.2676759259259259 0.7943281249999999 0.012166666666666654 0.0033645833333332932
0 0.3174907407407407 0.8221041666666666 0.007916666666666652 0.002552083333333499
0 0.34871296296296295 0.7850989583333334 0.01033333333333333 0.006624999999999837
0 0.40016666666666667 0.8155364583333332 0.011675925925925887 0.004291666666666671
0 0.41233333333333333 0.819984375 0.011675925925925887 0.006463541666666473
0 0.4061481481481481 0.8318489583333333 0.011870370370370469 0.004994791666666743
0 0.4441851851851852 0.8200937499999998 0.01071296296296301 0.009718750000000043
0 0.4503611111111111 0.7994635416666667 0.015731481481481544 0.006677083333333389
0 0.29973148148148143 0.6430989583333333 0.012537037037037003 0.005947916666666764
0 0.23066666666666663 0.668015625 0.014509259259259248 0.005770833333333236
0 0.3347037037037037 0.6799947916666665 0.0066296296296296 0.004197916666666579
0 0.552361111111111 0.6583333333333333 0.014240740740740894 0.006255208333333507
0 0.5404259259259259 0.8288541666666667 0.005805555555555486 0.0029374999999998153
0 0.5366203703703702 0.8264583333333333 0.005342592592592629 0.002109375000000213
0 0.663037037037037 0.7638906249999999 0.018537037037037074 0.004661458333333179
0 0.69025 0.81715625 0.01364814814814821 0.006182291666666728
0 0.7514814814814814 0.7951927083333332 0.012259259259259163 0.005046875000000029
0 0.7499629629629629 0.7742552083333333 0.01275925925925934 0.006255208333333507
0 0.7790277777777778 0.7898229166666667 0.009981481481481562 0.005546875000000106
0 0.7779537037037036 0.785953125 0.011120370370370362 0.0034843750000000282
0 0.8439814814814814 0.73096875 0.013777777777777878 0.0038385416666665505
0 0.9383240740740739 0.6755572916666666 0.010361111111111161 0.006041666666666679
0 0.8388055555555555 0.6701874999999999 0.005435185185184979 0.00298437499999995
0 0.8583425925925926 0.6185625 0.00943518518518513 0.008364583333333364
0 0.7678981481481482 0.5367864583333334 0.016148148148148304 0.007661458333333293
0 0.670037037037037 0.4191614583333333 0.011898148148148064 0.00809895833333325
0 0.9328333333333333 0.3869270833333333 0.009629629629629714 0.003401041666666682
0 0.8766018518518518 0.35772916666666665 0.009749999999999974 0.008609374999999985
0 0.8570370370370369 0.3309270833333333 0.012592592592592508 0.0047239583333333005
0 0.7831018518518518 0.31565104166666663 0.007898148148148229 0.007218749999999918
0 0.6816944444444444 0.27655729166666665 0.012462962962962997 0.005416666666666714
0 0.581 0.2772916666666666 0.013111111111111186 0.005828125000000029
0 0.6125925925925926 0.21294791666666665 0.014361111111111156 0.005546875000000018
0 0.5185555555555555 0.23009895833333333 0.00904629629629628 0.0032604166666666324
0 0.4161388888888889 0.21118229166666666 0.012990740740740768 0.00639583333333329
0 0.4088333333333333 0.2714322916666666 0.014611111111111085 0.005156250000000018
0 0.43950925925925927 0.29311979166666663 0.005453703703703639 0.0027395833333333287
0 0.4186944444444444 0.33223437499999997 0.007888888888888819 0.005677083333333411
0 0.27035185185185184 0.27909375000000003 0.006259259259259251 0.0033906250000000247
0 0.2646111111111111 0.27407291666666667 0.008694444444444432 0.0037864583333333535
0 0.27818518518518515 0.2617760416666667 0.014037037037036982 0.006718750000000018
0 0.18991666666666668 0.2750520833333333 0.010092592592592571 0.009916666666666619
0 0.19375 0.2504895833333333 0.009861111111111064 0.0058072916666666256
0 0.5157314814814815 0.4981510416666667 0.010648148148148096 0.004317708333333314
0 0.4338981481481481 0.41573958333333333 0.01071296296296301 0.0067708333333333925
0 0.47687037037037033 0.36835416666666665 0.012453703703703746 0.00454166666666671
0 0.5533796296296296 0.345953125 0.011064814814814857 0.007645833333333396