0 0.3720462962962963 0.25343229166666664 0.00995370370370365 0.0037343749999999786
0 0.3590833333333333 0.25699479166666667 0.007314814814814794 0.004380208333333346
0 0.3986296296296296 0.2690052083333333 0.005157407407407453 0.0048697916666666785
0 0.3870092592592592 0.26668749999999997 0.009129629629629694 0.003828124999999982
0 0.35215740740740736 0.2774895833333333 0.009537037037036969 0.0041458333333333815
0 0.39010185185185187 0.2911458333333333 0.008712962962962933 0.003567708333333286
0 0.40499999999999997 0.299921875 0.011499999999999962 0.00475520833333336
0 0.33723148148148147 0.2710052083333333 0.003814814814814819 0.002958333333333396
0 0.29512962962962963 0.2823020833333333 0.012009259259259311 0.004901041666666739
0 0.2882962962962963 0.2874635416666666 0.008249999999999997 0.005770833333333325
0 0.29989814814814814 0.2929479166666667 0.006500000000000009 0.005249999999999933
0 0.31098148148148147 0.29613541666666665 0.007009259259259279 0.0026979166666667
0 0.3335185185185185 0.3027916666666667 0.00917592592592587 0.002723958333333343
0 0.3857407407407408 0.3159270833333333 0.007009259259259358 0.005338541666666696
0 0.37354629629629627 0.36197916666666663 0.005101851851851791 0.003593750000000018
0 0.4081666666666667 0.38071354166666665 0.00587962962962965 0.003713541666666753
0 0.43639814814814815 0.40327604166666664 0.011601851851851879 0.00521875000000005
0 0.4727685185185184 0.38573958333333336 0.008055555555555493 0.005703125000000054
0 0.5040462962962963 0.39853124999999995 0.009814814814814731 0.005557291666666675
0 0.27775925925925926 0.410921875 0.005444444444444466 0.004026041666666735
0 0.2463888888888889 0.40838541666666667 0.0038981481481481554 0.003453125000000057
0 0.2851759259259259 0.3183020833333333 0.010805555555555518 0.0044895833333332465
0 0.2618611111111111 0.31249479166666666 0.007138888888888949 0.006515625000000025
0 0.290425925925926 0.32792187500000003 0.0112222222222222 0.004151041666666711
0 0.2466111111111111 0.3315677083333333 0.007861111111111145 0.005499999999999972
0 0.22488888888888886 0.3416979166666666 0.0095462962962963 0.006312499999999943
0 0.21501851851851853 0.34360416666666665 0.008277777777777749 0.005604166666666632
0 0.19875925925925925 0.3471666666666666 0.006722222222222188 0.0059062499999999575
0 0.19569444444444442 0.341140625 0.006842592592592607 0.003916666666666657
0 0.1886111111111111 0.3359739583333333 0.008518518518518509 0.003713541666666753
0 0.15312037037037038 0.37202604166666664 0.006305555555555544 0.004656250000000028
0 0.16625925925925925 0.37950520833333334 0.01134259259259258 0.005031250000000043
0 0.16862962962962963 0.393578125 0.005759259259259271 0.0045572916666666964
0 0.17967592592592593 0.40428125000000004 0.008879629629629607 0.006786458333333379
0 0.11174074074074074 0.3998072916666667 0.005759259259259271 0.005536458333333405
0 0.11041666666666666 0.41825520833333324 0.006481481481481468 0.004421875000000064
0 0.10843518518518518 0.42595312500000004 0.007083333333333325 0.0048958333333333215
0 0.10745370370370369 0.4320260416666667 0.0067777777777777715 0.00610937499999995
0 0.13352777777777777 0.44141145833333334 0.009722222222222222 0.003072916666666714
0 0.15287962962962964 0.4277239583333333 0.007861111111111107 0.005874999999999986
0 0.1520648148148148 0.41968749999999994 0.006481481481481468 0.005197916666666735
0 0.1403611111111111 0.458390625 0.006361111111111128 0.004015625000000078
0 0.08825 0.4609739583333333 0.004861111111111102 0.004994791666666565
0 0.08626851851851851 0.4756927083333333 0.009305555555555569 0.0029687499999999645
0 0.11687037037037036 0.4893437499999999 0.009305555555555579 0.0035468749999999715
0 0.09130555555555554 0.5049427083333333 0.008824074074074071 0.0054322916666667
0 0.1497314814814815 0.508875 0.004685185185185187 0.00411979166666665
0 0.2315925925925926 0.47902083333333334 0.00522222222222221 0.004520833333333307
0 0.22881481481481483 0.4989218749999999 0.00739814814814813 0.004885416666666665
0 0.19191666666666668 0.5128697916666667 0.008518518518518509 0.005380208333333236
0 0.17868518518518514 0.5278854166666667 0.007638888888888889 0.007192708333333364
0 0.12421296296296297 0.5221875 0.009805555555555519 0.006828125000000007
0 0.12293518518518519 0.5682031249999999 0.004666666666666685 0.004520833333333307
0 0.09112962962962963 0.5506354166666666 0.006990740740740748 0.0065572916666667425
0 0.08108333333333333 0.5413854166666667 0.008759259259259267 0.005515625000000135
0 0.27758333333333335 0.5496302083333333 0.011425925925925956 0.007239583333333322
0 0.2912592592592592 0.5944791666666667 0.008472222222222174 0.00486458333333335
0 0.2753148148148148 0.6034947916666666 0.007333333333333295 0.008546874999999865
0 0.24182407407407408 0.6006927083333332 0.007777777777777731 0.00294791666666665
0 0.15731481481481482 0.6019947916666666 0.011703703703703678 0.005062499999999836
0 0.1626388888888889 0.6088020833333333 0.00943518518518517 0.004421874999999886
0 0.15368518518518517 0.614625 0.008824074074074062 0.004375000000000106
0 0.23513888888888887 0.6326302083333333 0.013972222222222226 0.005109374999999972
0 0.21366666666666664 0.66290625 0.007777777777777731 0.006161458333333236
0 0.25863888888888886 0.6646249999999999 0.006379629629629591 0.004036458333333393
0 0.29714814814814816 0.6863541666666666 0.011092592592592609 0.005239583333333364
0 0.26935185185185184 0.6865104166666666 0.007407407407407381 0.005765625000000085
0 0.28055555555555556 0.692171875 0.009416666666666629 0.004296875
0 0.3370092592592593 0.6882916666666666 0.006009259259259241 0.004192708333333428
0 0.3559074074074074 0.6809791666666667 0.008018518518518489 0.0044583333333333645
0 0.3204722222222222 0.7055520833333333 0.009833333333333312 0.003276041666666707
0 0.41288888888888886 0.7695885416666666 0.011666666666666634 0.005770833333333236
0 0.4778425925925926 0.7730677083333333 0.007398148148148209 0.005927083333333449
0 0.5265462962962962 0.7730364583333333 0.011666666666666634 0.004588541666666579
0 0.5284074074074073 0.7822552083333333 0.011833333333333309 0.004859375000000022
0 0.5999259259259259 0.778171875 0.009990740740740654 0.006593749999999865
0 0.6464907407407408 0.7392395833333333 0.008962962962963021 0.007057291666666821
0 0.6747592592592593 0.7399583333333333 0.013861111111111137 0.003999999999999915
0 0.6678518518518518 0.7310520833333333 0.006398148148148171 0.004807291666666736
0 0.7056851851851852 0.7497083333333333 0.01045370370370367 0.0058802083333333146
0 0.7138333333333334 0.7578229166666667 0.009324074074074042 0.006317708333333449
0 0.6579074074074073 0.7188177083333334 0.009324074074073962 0.006015625000000036
0 0.31601851851851853 0.6225729166666666 0.009296296296296289 0.004994791666666743
0 0.4805833333333333 0.6487916666666667 0.007398148148148209 0.006541666666666579
0 0.5568796296296296 0.6509010416666666 0.008564814814814763 0.005911458333333286
0 0.5801759259259259 0.6579947916666666 0.007509259259259219 0.002739583333333506
0 0.6231851851851851 0.6736666666666666 0.008324074074074083 0.0030468749999998934
0 0.67925 0.6782395833333333 0.012138888888888744 0.005192708333333229
0 0.7203703703703703 0.6723958333333333 0.0073240740740740445 0.006374999999999886
0 0.7596388888888888 0.7215364583333332 0.008824074074073944 0.007166666666666721
0 0.7886296296296296 0.7244999999999999 0.012638888888889078 0.0056406250000000215
0 0.835712962962963 0.6954999999999999 0.01654629629629609 0.006546875000000086
0 0.8589351851851851 0.6779531249999999 0.011231481481481688 0.004854166666666692
0 0.8934351851851852 0.6790833333333333 0.009629629629629714 0.0037239583333333213
0 0.9076296296296297 0.661453125 0.012333333333333169 0.006151041666666579
0 0.8687592592592592 0.6531302083333334 0.008824074074073944 0.006656250000000164
0 0.8371203703703703 0.6502552083333333 0.0075185185185183126 0.006093749999999965
0 0.7761388888888888 0.6534166666666665 0.006722222222222109 0.006317708333333449
0 0.6932407407407407 0.6186822916666666 0.013324074074074115 0.004281249999999836
0 0.7343611111111111 0.6260989583333332 0.0069351851851851935 0.003515625
0 0.7769166666666667 0.6074791666666666 0.010472222222222171 0.005583333333333229
0 0.7579537037037037 0.5789166666666666 0.008425925925925842 0.0030572916666665507
0 0.5927685185185185 0.5998333333333333 0.01033333333333341 0.0048177083333333925
0 0.5776111111111111 0.5754374999999999 0.011555555555555624 0.007572916666666707
0 0.5123518518518518 0.5986093749999999 0.007749999999999899 0.006041666666666679
0 0.4936574074074073 0.5892395833333333 0.006796296296296273 0.003515625
0 0.6652314814814815 0.5563541666666667 0.011148148148148114 0.006578125000000057
0 0.6839259259259258 0.5607916666666666 0.008564814814814763 0.007187500000000036
0 0.6258055555555555 0.5467187499999999 0.011694444444444545 0.006578125000000057
0 0.5506851851851852 0.5458385416666667 0.007203703703703625 0.006041666666666679
0 0.6582314814814814 0.6218177083333334 0.0069351851851851935 0.0029062500000000212
0 0.7224722222222222 0.5357864583333333 0.01033333333333341 0.0027552083333333144
0 0.7370833333333332 0.5258437499999999 0.007481481481481309 0.005197916666666735
0 0.6946666666666667 0.5129583333333333 0.010740740740740605 0.004208333333333236
0 0.7305555555555555 0.49101041666666667 0.01019444444444433 0.003442708333333222
0 0.6917407407407408 0.48152604166666657 0.011416666666666547 0.004208333333333236
0 0.6487777777777777 0.4863802083333333 0.00870370370370384 0.0048958333333333215
0 0.41260185185185183 0.5381145833333333 0.009212962962962952 0.0057864583333333995
0 0.3740462962962963 0.5264322916666666 0.00460185185185193 0.004244791666666714
0 0.8939537037037036 0.6280468749999999 0.011768518518518551 0.006447916666666664
0 0.8633611111111109 0.6196302083333334 0.010249999999999836 0.007078125000000135
0 0.8359166666666665 0.6298437499999999 0.011768518518518551 0.0042239583333334
0 0.9004999999999999 0.6085833333333334 0.007611111111111136 0.0066770833333334775
0 0.8679259259259259 0.5971666666666666 0.008425925925925842 0.0066770833333334775
0 0.9169351851851851 0.5971979166666666 0.006592592592592597 0.006505208333333279
0 0.9409351851851853 0.5793020833333333 0.009537037037036889 0.004625000000000057
0 0.9821851851851852 0.5702291666666666 0.013694444444444306 0.006333333333333258
0 0.9775185185185185 0.56603125 0.012481481481481498 0.008333333333333392
0 0.9673148148148148 0.5679427083333334 0.005074074074074196 0.005078125
0 0.9554907407407408 0.5612656250000001 0.00781481481481497 0.0062239583333331796
0 0.8855277777777777 0.5611510416666666 0.009537037037036889 0.006562499999999893
0 0.9827499999999999 0.5525729166666666 0.007870370370370475 0.0049479166666666075
0 0.9844259259259259 0.5329791666666666 0.007222222222222285 0.00728124999999995
0 0.9735555555555556 0.521734375 0.007509259259259377 0.007968750000000035
0 0.9515648148148148 0.5427187499999999 0.006148148148147925 0.006317708333333449
0 0.9372870370370369 0.5372864583333332 0.0067962962962961155 0.005510416666666629
0 0.8938703703703703 0.5298229166666666 0.006083333333333169 0.005312499999999965
0 0.8879722222222222 0.5174895833333333 0.006870370370370438 0.003098958333333357
0 0.8499907407407408 0.5320520833333333 0.009296296296296368 0.006640625
0 0.8440555555555556 0.5165208333333333 0.009444444444444382 0.0037395833333333075
0 0.9148981481481482 0.5086979166666666 0.008083333333333245 0.003781249999999936
0 0.9537777777777776 0.5039895833333332 0.0128796296296296 0.006276041666666643
0 0.9260648148148148 0.48612500000000003 0.009231481481481611 0.004828125000000049
0 0.9387222222222222 0.48075520833333324 0.00650925925925934 0.0039010416666666716
0 0.9145833333333333 0.4802291666666666 0.008583333333333422 0.006479166666666636
0 0.8964444444444444 0.47873958333333333 0.009509259259259138 0.0034218749999999076
0 0.8902592592592593 0.4742552083333333 0.007435185185185054 0.003781249999999936
0 0.913074074074074 0.46620833333333334 0.006722222222222109 0.005874999999999986
0 0.915398148148148 0.4634739583333333 0.0077962962962964686 0.0063593750000000785
0 0.92975 0.4468385416666666 0.010564814814814995 0.004989583333333237
0 0.9256481481481482 0.43532291666666667 0.007981481481481485 0.004239583333333385
0 0.9080185185185184 0.4411875 0.00790740740740748 0.006317708333333449
0 0.8870648148148147 0.427921875 0.0062129629629629965 0.005239583333333364
0 0.8578333333333333 0.4427864583333333 0.009240740740740864 0.005197916666666735
0 0.8532870370370369 0.447859375 0.007685185185185143 0.003614583333333421
0 0.8882870370370369 0.41125 0.009537037037036889 0.004822916666666721
0 0.8578333333333333 0.41663541666666665 0.008055555555555493 0.0036979166666666783
0 0.8675185185185184 0.41077604166666665 0.009685185185185219 0.0038645833333333713
0 0.8787499999999999 0.400734375 0.011453703703703707 0.004739583333333286
0 0.801861111111111 0.43296874999999996 0.010657407407407504 0.007651041666666636
0 0.7100462962962963 0.42737499999999995 0.005166666666666626 0.005005208333333222
0 0.6843148148148147 0.42823958333333334 0.007583333333333384 0.00717187500000005
0 0.5119537037037036 0.47328125 0.011574074074074127 0.0036041666666667637
0 0.4176759259259259 0.46053645833333334 0.00726851851851854 0.005541666666666778
0 0.5365277777777778 0.43438541666666663 0.007509259259259219 0.004916666666666636
0 0.5894166666666667 0.3848541666666666 0.01034259259259266 0.005197916666666647
0 0.6774722222222221 0.3541302083333333 0.008129629629629657 0.005265624999999918
0 0.5672499999999999 0.33691666666666664 0.0068981481481481905 0.006302083333333286
0 0.6789537037037037 0.3235833333333333 0.00664814814814826 0.006786458333333289
0 0.6200185185185185 0.32585416666666667 0.009824074074073982 0.004468749999999933
0 0.5864444444444444 0.32378124999999996 0.005083333333333289 0.0040781249999999325
0 0.6811203703703703 0.319171875 0.009824074074073982 0.004427083333333304
0 0.6933148148148147 0.3192552083333333 0.008148148148148158 0.005916666666666614
0 0.7176296296296295 0.30921875 0.005925925925925905 0.0027812499999999574
0 0.731824074074074 0.31128124999999995 0.00878703703703694 0.00575000000000001
0 0.7310370370370369 0.31815625000000003 0.005083333333333447 0.004677083333333343
0 0.6777500000000001 0.29665625 0.008842592592592603 0.003781250000000025
0 0.6884444444444444 0.2948385416666667 0.005666666666666566 0.005927083333333361
0 0.677537037037037 0.30055729166666667 0.00460185185185193 0.003125
0 0.6768703703703703 0.28501041666666665 0.008574074074074014 0.004437499999999961
0 0.6388240740740739 0.2689166666666667 0.00852777777777776 0.002635416666666668
0 0.613787037037037 0.27321354166666667 0.00984259259259264 0.003640624999999975
0 0.6071296296296296 0.279859375 0.009277777777777708 0.004062499999999946
0 0.6001018518518518 0.2977916666666666 0.012657407407407423 0.005218749999999961
0 0.5874259259259258 0.26963020833333334 0.010009259259259155 0.0045052083333334105
0 0.5670462962962962 0.27471354166666667 0.008833333333333353 0.004072916666666604
0 0.5680740740740741 0.2809427083333333 0.010425925925925918 0.0037447916666667248
0 0.5804629629629628 0.2562760416666666 0.011148148148148114 0.004187500000000011
0 0.5505185185185184 0.24723437499999998 0.010712962962962851 0.003921874999999986
0 0.5475185185185185 0.2515104166666666 0.00929629629629621 0.0028177083333333465
0 0.4888148148148147 0.25834375 0.011444444444444299 0.004421874999999975
0 0.47294444444444445 0.2566145833333333 0.009435185185185288 0.005145833333333361
0 0.49249999999999994 0.278921875 0.009657407407407467 0.0042239583333333105
0 0.4510277777777778 0.271921875 0.007361111111111206 0.0026145833333333533
0 0.46182407407407405 0.30890625 0.010944444444444439 0.004828124999999961
0 0.4512407407407407 0.3305625 0.008370370370370337 0.004864583333333261
0 0.4835277777777778 0.33209374999999997 0.009509259259259295 0.005447916666666686
0 0.7683981481481481 0.38872395833333334 0.00889814814814795 0.0050937499999999854
0 0.8113888888888888 0.3657447916666666 0.01186111111111106 0.006208333333333371
0 0.7609814814814815 0.37760416666666663 0.010546296296296494 0.006020833333333276
0 0.7737499999999998 0.3444375 0.006425925925926081 0.0032447916666666467