0 0.5014351851851852 0.24922395833333333 0.02273148148148149 0.00831249999999999
0 0.4085555555555555 0.2686354166666666 0.01886111111111117 0.00962500000000004
0 0.32982407407407405 0.26555729166666664 0.014990740740740765 0.007447916666666643
0 0.32081481481481483 0.31058854166666666 0.020212962962962974 0.012817708333333311
0 0.24250925925925929 0.28596354166666665 0.015157407407407437 0.007911458333333333
0 0.19055555555555553 0.31181770833333333 0.011287037037037035 0.009598958333333397
0 0.21396296296296297 0.32872395833333334 0.015657407407407457 0.01100520833333336
0 0.12546296296296294 0.34336979166666665 0.014481481481481456 0.008473958333333354
0 0.16891666666666666 0.3569583333333333 0.012462962962962957 0.008937500000000043
0 0.12647222222222224 0.36870312499999996 0.014481481481481456 0.007416666666666671
0 0.1536759259259259 0.473625 0.013305555555555572 0.008671875000000107
0 0.08537962962962962 0.48120312499999995 0.017175925925925935 0.009046874999999944
0 0.11114814814814815 0.48972395833333326 0.012129629629629612 0.007901041666666764
0 0.08125925925925927 0.6013124999999999 0.015999999999999993 0.007708333333333428
0 0.1495462962962963 0.6075208333333333 0.01414814814814811 0.009322916666666714
0 0.1164537037037037 0.6388697916666667 0.01565740740740742 0.009494791666666735
0 0.16739814814814813 0.62225 0.01414814814814811 0.008651041666666793
0 0.1835648148148148 0.6815520833333333 0.015490740740740765 0.007901041666666764
0 0.2989259259259259 0.72521875 0.014824074074074092 0.00884374999999995
0 0.32284259259259257 0.73753125 0.016166666666666725 0.007322916666666579
0 0.4242222222222222 0.7218177083333334 0.01684259259259259 0.007151041666666735
0 0.46245370370370364 0.7545833333333333 0.012462962962962997 0.007890625000000106
0 0.47490740740740733 0.7626770833333333 0.015157407407407359 0.009869791666666572
0 0.5405925925925926 0.7294895833333332 0.01313888888888894 0.007723958333333236
0 0.5588611111111111 0.73815625 0.010268518518518495 0.006296875000000135
0 0.6514074074074074 0.7121145833333333 0.016499999999999994 0.008781250000000008
0 0.7054629629629628 0.7285468749999999 0.014481481481481574 0.009239583333333279
0 0.7520092592592592 0.68525 0.013129629629629689 0.0066510416666666575
0 0.8316666666666666 0.6493854166666666 0.011537037037036965 0.006723958333333257
0 0.6807777777777777 0.6408229166666667 0.013240740740740699 0.006020833333333364
0 0.8317777777777777 0.5999947916666667 0.014481481481481574 0.005703124999999964
0 0.9095092592592592 0.6309166666666666 0.011092592592592609 0.00873437500000005
0 0.7584537037037036 0.5550520833333333 0.013805555555555632 0.005937500000000107
0 0.9345185185185184 0.5234322916666667 0.014935185185185182 0.0072343749999999925
0 0.9467962962962962 0.4612135416666666 0.013694444444444306 0.007682291666666607
0 0.9478148148148148 0.40613020833333324 0.013009259259259111 0.006348958333333421
0 0.8532222222222221 0.3433020833333333 0.013916666666666641 0.007484374999999943
0 0.396 0.628578125 0.015111111111111105 0.0055885416666667355
0 0.32630555555555557 0.592 0.01426851851851849 0.006286458333333478
0 0.530074074074074 0.5780625 0.012694444444444425 0.0077916666666666854
0 0.43087037037037035 0.463875 0.012064814814814737 0.005598958333333392
0 0.44891666666666663 0.4574375 0.01071296296296301 0.006692708333333286
0 0.4627407407407407 0.47095833333333326 0.009962962962962903 0.005984375000000064
0 0.6453518518518518 0.3699010416666667 0.013009259259259269 0.005312500000000053
0 0.563 0.34984895833333335 0.01338888888888887 0.006307291666666615
0 0.34202777777777776 0.3726041666666666 0.01862962962962966 0.006796874999999947
0 0.6981851851851851 0.5564895833333333 0.007361111111111206 0.00443750000000005