0 0.2768148148148148 0.24103124999999997 0.021129629629629675 0.007578124999999947
0 0.2699444444444445 0.2551145833333333 0.013731481481481546 0.007927083333333317
0 0.35098148148148145 0.30490104166666665 0.017324074074074106 0.013359375000000017
0 0.3423148148148148 0.32818749999999997 0.015212962962962944 0.010015625000000038
0 0.3613333333333333 0.35451041666666666 0.015212962962962904 0.007744791666666639
0 0.46529629629629626 0.2481614583333333 0.02282407407407416 0.010427083333333354
0 0.6353981481481482 0.31584375 0.021972222222222292 0.010291666666666633
0 0.8021203703703703 0.3257083333333333 0.015638888888888876 0.012187500000000018
0 0.8271759259259258 0.3452135416666666 0.012175925925925904 0.00625
0 0.8680555555555556 0.3618125 0.011157407407407366 0.00795312499999996
0 0.7987685185185184 0.3727083333333333 0.012583333333333257 0.008515624999999982
0 0.7896388888888889 0.3833854166666667 0.016231481481481562 0.006588541666666714
0 0.9172592592592592 0.4204739583333333 0.009129629629629536 0.005447916666666686
0 0.9086296296296297 0.48589062499999996 0.012583333333333257 0.007203125000000021
0 0.9425648148148148 0.5611041666666666 0.011666666666666476 0.0073281250000000854
0 0.9112685185185184 0.6098645833333334 0.010546296296296494 0.006588541666666714
0 0.9014814814814814 0.622359375 0.012277777777777664 0.006239583333333343
0 0.8486296296296296 0.6418697916666667 0.014916666666666679 0.007947916666666721
0 0.7438333333333332 0.7294010416666666 0.014305555555555492 0.00703125
0 0.6389907407407407 0.729296875 0.014407407407407409 0.005791666666666551
0 0.5758981481481481 0.7475052083333333 0.012981481481481517 0.005234375000000036
0 0.5742222222222222 0.7580885416666666 0.01389814814814814 0.006880208333333293
0 0.5569814814814814 0.7732916666666666 0.019574074074074115 0.0061302083333332645
0 0.501537037037037 0.7529791666666666 0.01035185185185191 0.007968750000000035
0 0.36109259259259263 0.7666145833333333 0.018564814814814787 0.007161458333333393
0 0.35002777777777777 0.7742604166666667 0.011055555555555607 0.00532812499999995
0 0.34429629629629627 0.7530625000000001 0.016027777777777728 0.006416666666666693
0 0.32289814814814816 0.7374010416666665 0.011564814814814797 0.00625
0 0.3995833333333333 0.7155520833333332 0.014000000000000058 0.006380208333333392
0 0.2746111111111111 0.7214479166666667 0.014203703703703734 0.006531249999999922
0 0.1769722222222222 0.6782291666666667 0.01734259259259261 0.007510416666666764
0 0.0049722222222222225 0.6078645833333333 0.006898148148148148 0.00532812499999995
0 0.03459259259259259 0.611375 0.010148148148148156 0.0058385416666666854
0 0.07258333333333333 0.6057812499999999 0.01734259259259259 0.009723958333333371
0 0.007916666666666667 0.4402708333333333 0.014611111111111111 0.010114583333333371
0 0.01562037037037037 0.42355729166666667 0.016638888888888884 0.008869791666666594
0 0.012981481481481481 0.4025625 0.012583333333333332 0.007968749999999991
0 0.07719444444444444 0.36723958333333334 0.01136111111111112 0.006479166666666725
0 0.14324074074074072 0.293 0.009537037037037047 0.006255208333333329
0 0.18107407407407408 0.3653020833333333 0.01338888888888887 0.005338541666666696
0 0.5240462962962963 0.6830885416666665 0.0187685185185185 0.007802083333333343
0 0.3023888888888889 0.4673385416666666 0.021879629629629624 0.008906249999999893
0 0.2488611111111111 0.49355208333333334 0.013287037037037031 0.010354166666666664
0 0.5155648148148148 0.5257031249999999 0.014962962962963091 0.0072343749999999925
0 0.4585 0.48365624999999995 0.011833333333333309 0.005786458333333222
0 0.19543518518518516 0.5419166666666666 0.02104629629629634 0.009265624999999921
0 0.4156018518518519 0.47330729166666663 0.00777777777777781 0.003958333333333286
0 0.31653703703703706 0.6266458333333333 0.009009259259259276 0.002619791666666771