0 0.19824074074074072 0.6839427083333334 0.015731481481481464 0.010583333333333477
0 0.1451574074074074 0.6481927083333333 0.017037037037037017 0.009869791666666572
0 0.28441666666666665 0.68228125 0.012453703703703746 0.009479166666666572
0 0.4384259259259259 0.6792395833333333 0.017694444444444457 0.011135416666666665
0 0.5922962962962962 0.706359375 0.012796296296296184 0.008489583333333429
0 0.6899444444444445 0.6987447916666666 0.015583333333333213 0.007661458333333293
0 0.7717314814814814 0.717 0.015583333333333371 0.008484374999999923
0 0.8294166666666666 0.6939479166666667 0.015212962962963022 0.007458333333333478
0 0.8891388888888888 0.655875 0.013351851851852024 0.008927083333333207
0 0.9414351851851851 0.5958385416666666 0.016694444444444418 0.008411458333333321
0 0.9850185185185184 0.4325677083333333 0.013722222222222373 0.010494791666666715
0 0.858074074074074 0.30916145833333336 0.014648148148148089 0.00905208333333336
0 0.8928425925925925 0.31087499999999996 0.015212962962963022 0.008734374999999961
0 0.8905277777777777 0.3034739583333333 0.016138888888889053 0.01019791666666663
0 0.7749351851851851 0.24959375 0.013194444444444444 0.007822916666666657
0 0.6844166666666667 0.2593229166666666 0.01593518518518522 0.009208333333333308
0 0.6476296296296297 0.23155729166666666 0.013324074074074115 0.008723958333333304
0 0.5836944444444444 0.2339375 0.014694444444444343 0.008859375000000025
0 0.5375 0.2068645833333333 0.01120370370370362 0.008921874999999968
0 0.42295370370370367 0.203328125 0.014444444444444413 0.006473958333333307
0 0.25649074074074074 0.2407552083333333 0.014694444444444423 0.008213541666666657
0 0.45433333333333337 0.2481145833333333 0.013694444444444464 0.007380208333333282
0 0.21191666666666664 0.2630625 0.011453703703703707 0.007864583333333374
0 0.18688888888888888 0.265234375 0.015194444444444441 0.008000000000000007
0 0.14735185185185184 0.34217708333333335 0.010083333333333321 0.006401041666666618
0 0.040962962962962965 0.3873489583333333 0.010953703703703703 0.005984374999999975
0 0.059888888888888894 0.3917604166666666 0.008462962962962964 0.00723958333333341
0 0.03890740740740741 0.4045729166666666 0.01058333333333333 0.00625
0 0.04208333333333333 0.419453125 0.01319444444444444 0.007583333333333364
0 0.09824074074074073 0.4205364583333333 0.011953703703703687 0.010171874999999986
0 0.08180555555555555 0.4515625 0.014944444444444432 0.00877083333333335
0 0.004111111111111112 0.4803177083333333 0.007472222222222221 0.006187500000000057
0 0.09150925925925925 0.5671250000000001 0.014944444444444462 0.008776041666666679
0 0.3598703703703704 0.60746875 0.010379629629629664 0.005062499999999836
0 0.35156481481481483 0.5152864583333333 0.012462962962962997 0.006843749999999993
0 0.46244444444444444 0.5636822916666666 0.0158148148148148 0.009932291666666693
0 0.5025277777777778 0.555328125 0.011601851851851879 0.007666666666666622
0 0.5683518518518519 0.5312552083333333 0.011425925925925798 0.0069687500000000565
0 0.38362037037037033 0.4798958333333333 0.011074074074074108 0.005697916666666636
0 0.4679629629629629 0.7552343749999999 0.010092592592592571 0.005604166666666721
0 0.31273148148148144 0.709765625 0.014833333333333342 0.007140625000000078
0 0.23311111111111107 0.7170624999999999 0.008861111111111104 0.007828125000000163
0 0.7245555555555555 0.5982239583333333 0.015240740740740775 0.010026041666666607
0 0.7114722222222222 0.5791666666666666 0.01750925925925936 0.011546874999999979
0 0.6473888888888888 0.4408645833333333 0.011583333333333378 0.007442708333333314
0 0.48046296296296287 0.3904583333333333 0.015907407407407467 0.0075729166666666185
0 0.45375 0.4541354166666666 0.009166666666666698 0.006557291666666565
0 0.5788148148148148 0.28185937499999997 0.014074074074074064 0.009437499999999942
0 0.20679629629629628 0.395109375 0.014499999999999997 0.009291666666666653