0 0.9268333333333333 0.340859375 0.007703703703703645 0.008046875000000054
0 0.9218796296296297 0.3435416666666667 0.008064814814814743 0.005156250000000018
0 0.9139999999999999 0.34550000000000003 0.008435185185185093 0.004536458333333382
0 0.9193333333333332 0.34858854166666664 0.006101851851851671 0.005291666666666739
0 0.9314074074074072 0.3678958333333333 0.009407407407407378 0.006437499999999918
0 0.9045833333333333 0.36617708333333326 0.008648148148148177 0.004718749999999971
0 0.9012777777777777 0.3741145833333333 0.006611111111111099 0.005145833333333361
0 0.8956851851851851 0.38583854166666665 0.006101851851851671 0.004005208333333332
0 0.9606481481481481 0.36303124999999997 0.008898148148148266 0.0067239583333333465
0 0.9807314814814815 0.4036458333333333 0.006351851851852075 0.005005208333333222
0 0.9953888888888888 0.43081770833333327 0.00922222222222236 0.0030052083333332647
0 0.941962962962963 0.4257395833333333 0.011185185185185118 0.003432291666666565
0 0.9729722222222221 0.4462604166666667 0.0035555555555557956 0.0038593750000000425
0 0.9697962962962963 0.4446197916666666 0.006861111111110871 0.00486458333333335
0 0.9405648148148147 0.4559895833333333 0.007370370370370299 0.00529166666666665
0 0.9457685185185184 0.47129166666666666 0.009657407407407467 0.00529166666666665
0 0.9780648148148147 0.4881666666666666 0.007629629629629322 0.0032916666666666927
0 0.9891203703703704 0.5018958333333333 0.01245370370370343 0.0035729166666666145
0 0.9587407407407407 0.4983177083333333 0.009148148148148355 0.005005208333333222
0 0.9336944444444444 0.5093281249999999 0.011444444444444457 0.005005208333333222
0 0.9447592592592591 0.51340625 0.009148148148148039 0.0054322916666667
0 0.9475555555555556 0.5191979166666666 0.007629629629629638 0.0044322916666667215
0 0.9836574074074073 0.5264895833333333 0.006101851851851987 0.00529166666666665
0 0.9956018518518518 0.52034375 0.007120370370370526 0.004718749999999971
0 0.9241666666666666 0.5284947916666667 0.009148148148148355 0.009296874999999894
0 0.9170462962962963 0.544796875 0.009148148148148355 0.007005208333333179
0 0.9900092592592592 0.5558072916666668 0.008648148148148177 0.009869791666666572
0 0.909287037037037 0.5443697916666667 0.009916666666666806 0.00529166666666665
0 0.9652222222222223 0.5686770833333332 0.014999999999999937 0.003859374999999865
0 0.9731018518518518 0.5749739583333333 0.014490740740740825 0.005578125000000078
0 0.9855648148148148 0.58240625 0.010425925925926234 0.005578125000000078
0 0.9497129629629629 0.5836979166666667 0.010935185185185029 0.005864583333333506
0 0.9264537037037036 0.5698958333333334 0.016777777777777676 0.0034322916666667423
0 0.9481851851851851 0.6004270833333333 0.007370370370370299 0.005864583333333506
0 0.9438703703703702 0.60621875 0.00991666666666649 0.006005208333333378
0 0.9429722222222221 0.6125104166666666 0.009657407407407467 0.004578124999999922
0 0.9476759259259259 0.6195208333333333 0.011444444444444457 0.007437500000000164
0 0.924037037037037 0.6218802083333334 0.00635185185185176 0.005864583333333506
0 0.9087777777777777 0.5949947916666667 0.010425925925925918 0.005864583333333506
0 0.9030648148148147 0.6431875 0.009148148148148355 0.0032916666666666927
0 0.8967037037037037 0.6464791666666667 0.007120370370370526 0.0035729166666667923
0 0.8733148148148148 0.6401822916666667 0.007120370370370526 0.0064375000000000075
0 0.8602222222222221 0.6582760416666666 0.007879629629629726 0.0057187499999999504
0 0.8294537037037036 0.6885208333333332 0.009407407407407378 0.009296874999999894
0 0.8293333333333331 0.67865625 0.009148148148148355 0.0032916666666666927
0 0.8302222222222222 0.6649947916666666 0.0043240740740742465 0.004291666666666494
0 0.8491574074074074 0.6521979166666666 0.006611111111111099 0.00529166666666665
0 0.8721666666666668 0.6204479166666667 0.00534259259259247 0.005578125000000078
0 0.8633981481481481 0.621734375 0.00813888888888875 0.0030052083333332647
0 0.852462962962963 0.6238072916666667 0.007120370370370526 0.006005208333333378
0 0.8528518518518517 0.6159427083333332 0.00889814814814795 0.005145833333333449
0 0.8344166666666666 0.6493385416666666 0.009657407407407467 0.008151041666666714
0 0.8191574074074074 0.6599895833333334 0.008648148148148177 0.008296874999999915
0 0.8036481481481481 0.6808697916666666 0.010166666666666577 0.005432291666666522
0 0.7984444444444444 0.6779375 0.011444444444444457 0.008723958333333393
0 0.7932314814814815 0.6717187499999999 0.010166666666666577 0.007151041666666735
0 0.8036481481481481 0.658203125 0.005592592592592559 0.006151041666666579
0 0.8209444444444444 0.7065416666666666 0.006611111111111099 0.0027187499999998367
0 0.8000925925925925 0.6948854166666667 0.00813888888888875 0.0034322916666667423
0 0.7934814814814815 0.7009635416666666 0.005592592592592559 0.006151041666666579
0 0.7864907407407407 0.7024635416666667 0.006861111111111187 0.004578124999999922
0 0.7793703703703704 0.70125 0.00534259259259247 0.005578125000000078
0 0.7835648148148148 0.68315625 0.007629629629629638 0.0057187499999999504
0 0.7745462962962962 0.6838749999999999 0.012453703703703746 0.005145833333333449
0 0.7692037037037036 0.6950989583333332 0.00635185185185176 0.005864583333333506
0 0.7676759259259259 0.6923854166666666 0.007879629629629726 0.0030052083333332647
0 0.7608148148148147 0.691953125 0.005851851851851898 0.005578125000000078
0 0.7641203703703703 0.6790104166666666 0.007879629629629726 0.004578124999999922
0 0.7660277777777778 0.6732916666666666 0.006611111111111099 0.006578125000000057
0 0.7474629629629629 0.6674999999999999 0.006611111111111099 0.007578125000000035
0 0.7648796296296296 0.660921875 0.010935185185185029 0.005578125000000078
0 0.8279537037037037 0.6159739583333333 0.01276851851851859 0.008859375000000114
0 0.8228425925925925 0.6407552083333333 0.010212962962962832 0.005265625000000007
0 0.8081574074074073 0.6486614583333333 0.01404629629629647 0.0067031249999999435
0 0.7917685185185184 0.657640625 0.008509259259259414 0.0059843749999998865
0 0.7824074074074073 0.6548854166666667 0.0051111111111112 0.007182291666666707
0 0.7881481481481482 0.6521302083333332 0.00893518518518527 0.0064635416666666504
0 0.8134814814814814 0.640875 0.006814814814814617 0.0059843749999998865
0 0.8038981481481481 0.6357291666666666 0.006388888888889078 0.0062239583333331796
0 0.7928333333333332 0.6362083333333333 0.005537037037037054 0.004312500000000163
0 0.790398148148148 0.6441822916666666 0.005212962962962959 0.0045104166666666504
0 0.7832870370370371 0.6423749999999999 0.005416666666666477 0.0049635416666667705
0 0.7744629629629628 0.6409114583333333 0.009824074074073982 0.005864583333333506
0 0.7633425925925924 0.651453125 0.005611111111111061 0.005072916666666494
0 0.7601296296296296 0.6408541666666666 0.006416666666666831 0.004848958333333364
0 0.7851944444444443 0.6289583333333333 0.006814814814814617 0.006088541666666636
0 0.7917037037037037 0.6219114583333333 0.0106203703703705 0.005973958333333229
0 0.7479074074074075 0.6478437499999999 0.007212962962963035 0.005973958333333229
0 0.7431944444444443 0.6537656249999999 0.007018518518518451 0.004057291666666707
0 0.7338703703703704 0.6564166666666666 0.011222222222222121 0.007104166666666601
0 0.7152314814814815 0.6459270833333333 0.012833333333333268 0.0073281250000000854
0 0.7001944444444445 0.6477916666666667 0.011222222222222121 0.005635416666666693
0 0.6961851851851851 0.6564739583333333 0.012425925925925993 0.0045104166666666504
0 0.7097222222222223 0.6273229166666667 0.008620370370370346 0.006880208333333293
0 0.6783425925925926 0.6354427083333333 0.011629629629629632 0.0066510416666666575
0 0.6538888888888889 0.6449114583333333 0.008018518518518647 0.007104166666666601
0 0.647074074074074 0.6500989583333333 0.010425925925925918 0.004848958333333364
0 0.6360462962962962 0.6522447916666666 0.008416666666666591 0.005302083333333307
0 0.6343425925925926 0.6594583333333334 0.01784259259259263 0.009135416666666707
0 0.6323425925925925 0.6764270833333332 0.011425925925925798 0.009697916666666551
0 0.6182129629629629 0.6647604166666665 0.008416666666666591 0.004395833333333421
0 0.602574074074074 0.6633489583333334 0.010824074074074177 0.005187500000000078
0 0.6173055555555556 0.6747395833333333 0.010222222222222242 0.008343750000000049
0 0.598462962962963 0.67203125 0.011824074074074058 0.005864583333333506
0 0.5956574074074074 0.6780625 0.008222222222222323 0.007104166666666601
0 0.604175925925926 0.6812760416666667 0.010018518518518408 0.0045104166666666504
0 0.6005648148148148 0.6902968749999999 0.012425925925925993 0.007442708333333314
0 0.639962962962963 0.6902968749999999 0.006611111111111257 0.005187500000000078
0 0.6715277777777777 0.6945260416666666 0.010018518518518408 0.00642708333333335
0 0.6606018518518518 0.70084375 0.010222222222222242 0.00822916666666682
0 0.6933796296296296 0.6884374999999999 0.008824074074074102 0.006880208333333293
0 0.6972870370370371 0.6831406250000001 0.008620370370370268 0.006880208333333293
0 0.7069074074074074 0.6916510416666666 0.007416666666666711 0.004286458333333343
0 0.7147314814814814 0.700390625 0.008222222222222323 0.006203124999999865
0 0.7114259259259259 0.7047864583333333 0.009222222222222283 0.005526041666666792
0 0.7147314814814814 0.7140885416666667 0.009824074074073982 0.008119791666666742
0 0.743898148148148 0.7123437499999999 0.013231481481481448 0.003947916666666629
0 0.7693518518518517 0.7111041666666666 0.006009259259259162 0.004395833333333421
0 0.7661481481481481 0.7210833333333333 0.00922222222222236 0.008343750000000049
0 0.7308703703703704 0.7276770833333334 0.010425925925925918 0.005302083333333307
0 0.6675185185185184 0.7319635416666666 0.007620370370370388 0.0034947916666666855
0 0.6205185185185185 0.7447604166666666 0.01262962962962967 0.005635416666666693
0 0.6538888888888889 0.7302708333333332 0.011222222222222121 0.008005208333333336
0 0.661611111111111 0.7171354166666667 0.008222222222222323 0.0045104166666666504
0 0.6575 0.7223229166666666 0.008416666666666591 0.0038333333333333995
0 0.63525 0.72671875 0.010018518518518408 0.004057291666666707
0 0.6484814814814814 0.7145989583333333 0.008416666666666591 0.005526041666666792
0 0.6395555555555555 0.721859375 0.007592592592592635 0.00411979166666665
0 0.6439537037037036 0.72325 0.00945370370370379 0.004343750000000135
0 0.6342314814814815 0.7142604166666666 0.011055555555555607 0.006442708333333336
0 0.6308333333333332 0.7089427083333334 0.009851851851851891 0.005994791666666721
0 0.6180462962962963 0.7165416666666666 0.009592592592592552 0.006666666666666821
0 0.6149166666666667 0.7261666666666666 0.009990740740740654 0.004494791666666664
0 0.6115925925925926 0.7213749999999999 0.009722222222222222 0.0055416666666666
0 0.6117870370370371 0.7156822916666666 0.007194444444444375 0.0040468750000000496
0 0.603 0.7344479166666666 0.008787037037037098 0.008463541666666607
0 0.5922129629629629 0.7287916666666666 0.013851851851851886 0.006291666666666629
0 0.6031388888888889 0.7125729166666667 0.008787037037037098 0.0038229166666667426
0 0.5958148148148148 0.7157552083333333 0.01145370370370355 0.005994791666666721
0 0.5557222222222221 0.7252708333333333 0.009592592592592552 0.006442708333333336
0 0.5817592592592592 0.7066197916666667 0.01238888888888899 0.004645833333333372
0 0.5741666666666666 0.7027604166666667 0.009722222222222222 0.004421874999999886
0 0.5553888888888889 0.7149687499999999 0.011324074074074039 0.004718749999999971
0 0.5442777777777777 0.7165052083333333 0.010916666666666686 0.008541666666666715
0 0.539675925925926 0.703734375 0.007861111111111067 0.0071145833333332575
0 0.9263796296296296 0.47340104166666663 0.013564814814814793 0.008635416666666628
0 0.9094259259259259 0.5237031249999999 0.007499999999999811 0.008833333333333294
0 0.8994351851851851 0.5318333333333334 0.01035185185185191 0.007432291666666657
0 0.897824074074074 0.5386614583333333 0.009277777777777866 0.007026041666666494
0 0.9015740740740741 0.5157708333333333 0.007499999999999811 0.006223958333333357
0 0.8897962962962963 0.5125572916666666 0.008212962962962757 0.006223958333333357
0 0.8585555555555555 0.4726979166666666 0.015703703703703633 0.0060260416666666925
0 0.8498055555555554 0.5023177083333333 0.0053518518518517215 0.008234374999999971
0 0.8580185185185185 0.5047239583333333 0.009638888888888964 0.002609374999999936
0 0.9028240740740741 0.558640625 0.010000000000000063 0.005625000000000035
0 0.9012129629629628 0.568078125 0.006064814814814667 0.0048177083333333925
0 0.8917592592592591 0.5755104166666667 0.012851851851851847 0.004416666666666735
0 0.8755092592592592 0.5823385416666665 0.013212962962962945 0.003614583333333421
0 0.8745833333333333 0.5674427083333333 0.01186111111111106 0.00824479166666663
0 0.8866574074074074 0.5596249999999999 0.0058240740740741455 0.002791666666666792
0 0.8462314814814814 0.5537395833333333 0.004740740740740534 0.005822916666666522
0 0.8477407407407406 0.5810885416666667 0.006037037037036915 0.005458333333333343
0 0.842675925925926 0.5796354166666667 0.0053888888888887244 0.004973958333333428
0 0.8110833333333334 0.6143177083333333 0.008620370370370426 0.004244791666666714
0 0.7948055555555555 0.593578125 0.010564814814814995 0.007640624999999979
0 0.7551388888888888 0.600671875 0.007111111111111275 0.005093750000000163
0 0.7515833333333333 0.6100729166666665 0.007759259259259466 0.003515625
0 0.7396111111111111 0.5969166666666667 0.008842592592592445 0.006062499999999993
0 0.7686111111111111 0.5821197916666667 0.012074074074074145 0.009703125000000057
0 0.7746481481481482 0.5698124999999999 0.00905555555555553 0.006187500000000057
0 0.7731388888888888 0.5630781249999999 0.009490740740740635 0.007520833333333421
0 0.7647314814814814 0.5531354166666667 0.01035185185185191 0.009458333333333258
0 0.738324074074074 0.5599270833333333 0.010564814814814995 0.004848958333333364
0 0.7311018518518518 0.5660520833333333 0.009916666666666806 0.005697916666666636
0 0.7088888888888889 0.55446875 0.009916666666666726 0.007276041666666622
0 0.6649074074074074 0.5619895833333333 0.016388888888888984 0.0063072916666667925
0 0.6818333333333333 0.5665364583333333 0.013583333333333454 0.004729166666666629
0 0.6714814814814816 0.5715677083333334 0.0049629629629628705 0.008005208333333336
0 0.6659907407407407 0.5744166666666667 0.008620370370370268 0.004489583333333336
0 0.6883055555555555 0.59825 0.014879629629629519 0.004609374999999893
0 0.6585462962962962 0.5854531249999999 0.005388888888888882 0.005697916666666636
0 0.6899166666666667 0.6149843749999999 0.01035185185185191 0.004364583333333449
0 0.6485277777777777 0.6057083333333333 0.0068981481481481905 0.00642708333333335
0 0.6287962962962963 0.5974010416666666 0.01186111111111106 0.004364583333333449
0 0.6213611111111111 0.60540625 0.008620370370370268 0.005338541666666608
0 0.627175925925926 0.60946875 0.009490740740740793 0.003276041666666707
0 0.6196296296296296 0.616015625 0.009916666666666648 0.007156249999999887
0 0.6275000000000001 0.6240208333333332 0.00625 0.005213541666666721
0 0.6202777777777777 0.6354791666666666 0.008194444444444412 0.005093750000000163
0 0.5879444444444444 0.6123177083333333 0.008620370370370268 0.007036458333333506
0 0.574574074074074 0.6486979166666667 0.010777777777777922 0.005093750000000163
0 0.5710185185185185 0.6197760416666667 0.00625 0.006187500000000057
0 0.5596944444444445 0.635296875 0.012935185185185263 0.003515625
0 0.5520462962962963 0.6171666666666666 0.009268518518518457 0.006062499999999993
0 0.5523703703703703 0.6461510416666666 0.008194444444444412 0.003640624999999886
0 0.5416944444444444 0.647609375 0.011000000000000102 0.003880208333333179
0 0.5276759259259258 0.6331770833333333 0.010129629629629733 0.006546875000000086
0 0.5225092592592592 0.6362708333333333 0.00840740740740734 0.005213541666666721
0 0.5167962962962963 0.6268697916666666 0.008620370370370268 0.005338541666666608
0 0.5034259259259259 0.6426979166666666 0.011638888888888883 0.004489583333333336
0 0.5110833333333333 0.6071041666666667 0.009703703703703721 0.005338541666666608
0 0.5097870370370371 0.6165624999999999 0.010564814814814838 0.003640624999999886
0 0.5532314814814815 0.5939427083333333 0.013796296296296381 0.006671874999999971
0 0.585787037037037 0.5787239583333333 0.01121296296296287 0.003640624999999886
0 0.586324074074074 0.5860624999999999 0.013583333333333454 0.004489583333333336
0 0.4855277777777778 0.5834531249999999 0.02587037037037037 0.007036458333333506
0 0.47054629629629624 0.5929739583333333 0.025222222222222177 0.005942708333333257
0 0.48175925925925916 0.6218958333333333 0.019620370370370368 0.006546875000000086
0 0.48154629629629636 0.6406927083333334 0.01616666666666665 0.009703125000000057
0 0.4326018518518518 0.6182604166666665 0.010564814814814838 0.00873437500000005
0 0.4908148148148148 0.6586458333333333 0.010564814814814838 0.0063072916666667925
0 0.4327129629629629 0.6524583333333334 0.016388888888888984 0.005578125000000078
0 0.4322777777777778 0.6413020833333333 0.007333333333333295 0.0031510416666668205
0 0.43216666666666664 0.6382083333333333 0.005388888888888882 0.003999999999999915
0 0.4255925925925925 0.6376041666666666 0.010777777777777765 0.004244791666666714
0 0.3911018518518518 0.6181354166666666 0.007759259259259308 0.00291145833333335
0 0.380212962962963 0.6275364583333333 0.010129629629629733 0.005697916666666636
0 0.38182407407407404 0.63171875 0.007333333333333295 0.0041249999999999785
0 0.4202314814814815 0.595859375 0.011638888888888883 0.007713541666666579
0 0.43831481481481477 0.5894322916666667 0.010388888888888914 0.006546875000000086
0 0.5064814814814814 0.5651145833333333 0.008731481481481593 0.00560937500000005
0 0.6180833333333333 0.5607916666666666 0.008314814814814832 0.004442708333333378
0 0.6494722222222221 0.5448906250000001 0.007064814814814863 0.006312499999999943
0 0.5727777777777777 0.5452395833333332 0.013305555555555454 0.004677083333333343
0 0.5455555555555556 0.5586875 0.017046296296296424 0.006781250000000049
0 0.4283333333333333 0.5817135416666667 0.010388888888888914 0.00560937500000005
0 0.38032407407407404 0.5887291666666666 0.009148148148148197 0.007015624999999836
0 0.37284259259259256 0.5860416666666667 0.008314814814814832 0.0053750000000000854
0 0.43394444444444447 0.5720104166666666 0.009972222222222153 0.004442708333333378
0 0.38614814814814813 0.5757552083333334 0.007481481481481467 0.002104166666666707
0 0.5862685185185185 0.7547499999999999 0.009824074074073982 0.005890624999999971
0 0.5854537037037036 0.748953125 0.014074074074074064 0.004973958333333428
0 0.5679444444444444 0.7495937500000001 0.013749999999999969 0.004786458333333421
0 0.5465 0.7479374999999999 0.008185185185185162 0.008468750000000113
0 0.525712962962963 0.7464635416666667 0.010472222222222171 0.0025781249999999646
0 0.5044351851851852 0.7426927083333333 0.016370370370370483 0.007182291666666707
0 0.4923240740740741 0.7363385416666667 0.009166666666666698 0.0073645833333332075
0 0.49658333333333327 0.7303541666666666 0.009166666666666698 0.007182291666666707
0 0.47710185185185183 0.7299843749999999 0.013416666666666622 0.006812500000000022
0 0.4399537037037037 0.7453593749999999 0.014407407407407409 0.005156250000000107
0 0.44273148148148145 0.7341302083333333 0.016037037037037134 0.004052083333333378
0 0.4946203703703704 0.71553125 0.013092592592592685 0.005526041666666792
0 0.5227777777777778 0.7061093749999999 0.014157407407407322 0.0046041666666667425
0 0.5120555555555555 0.7152552083333333 0.009509259259259295 0.004479166666666678
0 0.527425925925926 0.6992083333333333 0.00840740740740734 0.004479166666666678
0 0.4946944444444444 0.7083489583333333 0.008842592592592603 0.004848958333333364
0 0.5046481481481481 0.69728125 0.01150000000000012 0.003854166666666714
0 0.4876203703703703 0.69690625 0.01326851851851845 0.0046041666666667425
0 0.5697685185185185 0.694171875 0.012166666666666812 0.005598958333333392
0 0.5671203703703703 0.687140625 0.009509259259259295 0.006468749999999979
0 0.4887222222222222 0.6925520833333334 0.014592592592592584 0.002614583333333265
0 0.4824166666666666 0.6837812499999999 0.012166666666666812 0.007713541666666579
0 0.47059259259259256 0.7036874999999999 0.010175925925925988 0.005223958333333378
0 0.4360925925925926 0.7106510416666667 0.01237962962962958 0.006468749999999979
0 0.44913888888888887 0.7172447916666667 0.011944444444444476 0.00372916666666665
0 0.45388888888888884 0.7017604166666667 0.015259259259259276 0.009078124999999914
0 0.4377499999999999 0.6959739583333333 0.013490740740740787 0.007713541666666579
0 0.4242592592592592 0.7049947916666666 0.012166666666666654 0.0033593749999999644
0 0.3973888888888889 0.6962239583333333 0.015037037037037099 0.00696354166666655
0 0.4186203703703703 0.7061718749999999 0.008407407407407499 0.00298437499999995
0 0.412537037037037 0.7112135416666666 0.014370370370370407 0.004848958333333364
0 0.40656481481481477 0.7186145833333333 0.006851851851851778 0.005968750000000078
0 0.4023703703703703 0.7115208333333333 0.005527777777777803 0.005473958333333506
0 0.3789259259259259 0.7178645833333333 0.013046296296296273 0.0032343750000000783
0 0.38025 0.7267604166666667 0.00906481481481478 0.006093749999999965
0 0.3829074074074074 0.7345364583333333 0.008185185185185162 0.005723958333333279
0 0.3854537037037037 0.741375 0.008407407407407499 0.005473958333333506
0 0.5590555555555555 0.6662760416666667 0.007379629629629707 0.0043906249999999146
0 0.4186944444444444 0.6782395833333333 0.010416666666666666 0.005369791666666579
0 0.42648148148148146 0.6768229166666666 0.009027777777777777 0.004447916666666707
0 0.3670648148148148 0.7250833333333333 0.008185185185185162 0.006666666666666821
0 0.35605555555555557 0.7323906250000001 0.01439814814814812 0.003177083333333286
0 0.3532037037037037 0.7298697916666665 0.013379629629629698 0.004015625000000078
0 0.3389259259259259 0.7333333333333333 0.010166666666666657 0.0027083333333331795
0 0.3301851851851852 0.734484375 0.00945370370370371 0.0048177083333333925
0 0.3351018518518519 0.73159375 0.005999999999999991 0.004979166666666579
0 0.34284259259259253 0.7193281249999999 0.007583333333333384 0.006401041666666707
0 0.36527777777777776 0.701640625 0.0069537037037036955 0.004796875000000078
0 0.3238888888888889 0.7019947916666667 0.008851851851851776 0.0072864583333332785
0 0.2820185185185185 0.723859375 0.012324074074073998 0.005156250000000107
0 0.2975 0.7277708333333333 0.012953703703703686 0.0030208333333334282
0 0.31492592592592594 0.72384375 0.012629629629629591 0.0036093749999999147
0 0.3213425925925926 0.7164635416666666 0.013407407407407451 0.0069947916666665225
0 0.35360185185185183 0.6910989583333333 0.010685185185185138 0.0065572916666667425
0 0.3804259259259259 0.6782552083333333 0.01807407407407406 0.005354166666666771
0 0.38543518518518516 0.6712083333333333 0.013000000000000018 0.005484375000000164
0 0.3646111111111111 0.6821875 0.014074074074074064 0.004640624999999865
0 0.35565740740740737 0.6802083333333333 0.008648148148148177 0.005656250000000007
0 0.3459074074074074 0.679640625 0.006833333333333355 0.006786458333333379
0 0.31121296296296297 0.6875052083333333 0.015888888888888886 0.00870833333333323
0 0.3191574074074074 0.6761354166666667 0.010055555555555568 0.0058802083333333146
0 0.3328333333333333 0.67234375 0.007240740740740787 0.006447916666666664
0 0.2896944444444444 0.6872760416666666 0.00945370370370371 0.007807291666666494
0 0.2845648148148148 0.695703125 0.01326851851851853 0.0040729166666666925
0 0.2641574074074074 0.7026041666666666 0.014685185185185171 0.0047499999999999435
0 0.2624444444444444 0.6979114583333332 0.008851851851851776 0.005770833333333236
0 0.2744074074074074 0.69321875 0.01186111111111106 0.0047499999999999435
0 0.2676759259259259 0.6726822916666666 0.011666666666666714 0.00486458333333335
0 0.2682777777777778 0.6854687499999998 0.012472222222222247 0.003958333333333286
0 0.26275 0.682921875 0.00945370370370371 0.0047499999999999435
0 0.2253425925925926 0.6950833333333333 0.01146296296296296 0.005317708333333293
0 0.23740740740740737 0.6935 0.014685185185185171 0.004640624999999865
0 0.2233333333333333 0.6815104166666666 0.014685185185185171 0.006671874999999971
0 0.31251851851851853 0.6544739583333332 0.015685185185185208 0.007354166666666551
0 0.29512037037037037 0.6588854166666666 0.008249999999999997 0.004411458333333229
0 0.2907037037037037 0.6521510416666667 0.015083333333333273 0.004526041666666636
0 0.28577777777777774 0.64615625 0.012064814814814816 0.007463541666666629
0 0.3302222222222222 0.6410104166666667 0.017694444444444457 0.005994791666666721
0 0.275212962962963 0.6340520833333334 0.016287037037037065 0.0047499999999999435
0 0.29422222222222216 0.6358645833333332 0.00804629629629632 0.0038437500000000568
0 0.2565092592592592 0.6580937499999999 0.006638888888888851 0.006671874999999971
0 0.24012037037037035 0.6651041666666666 0.012064814814814816 0.003958333333333286
0 0.22795370370370371 0.6726822916666666 0.013879629629629638 0.0037343749999999786
0 0.23780555555555552 0.645421875 0.013074074074074104 0.004187499999999922
0 0.21799999999999997 0.6546979166666667 0.014481481481481494 0.004640624999999865
0 0.20703703703703702 0.6565624999999999 0.00663888888888893 0.0047499999999999435
0 0.21699074074074073 0.6376718749999999 0.012064814814814816 0.004979166666666579
0 0.20312037037037037 0.6676510416666667 0.010055555555555568 0.005203124999999887
0 0.1898425925925926 0.678171875 0.0056296296296296415 0.006562499999999893
0 0.19035185185185186 0.6917447916666667 0.008249999999999997 0.0040729166666666925
0 0.17475925925925925 0.6742708333333333 0.012064814814814777 0.0037343749999999786
0 0.16037962962962962 0.6744375 0.013472222222222247 0.005203124999999887
0 0.16480555555555554 0.657015625 0.007842592592592604 0.008145833333333208
0 0.15112037037037038 0.6601041666666667 0.005638888888888852 0.0047604166666666
0 0.15433333333333335 0.655125 0.009249999999999996 0.00432291666666682
0 0.1435925925925926 0.6551666666666667 0.009407407407407418 0.005114583333333478
0 0.1234537037037037 0.6493020833333334 0.0064259259259259235 0.00696354166666655
0 0.13685185185185184 0.647453125 0.01504629629629631 0.004145833333333293
0 0.13528703703703704 0.6433541666666667 0.01097222222222223 0.003348958333333307
0 0.16248148148148145 0.6414583333333332 0.011759259259259263 0.004671874999999837
0 0.14673148148148146 0.6354166666666666 0.009407407407407418 0.003880208333333179
0 0.13300925925925927 0.6368697916666666 0.009249999999999996 0.002380208333333478
0 0.1925 0.6318906249999999 0.007842592592592644 0.005817708333333371
0 0.10769444444444444 0.6302552083333333 0.009092592592592572 0.004145833333333293
0 0.16091666666666665 0.6230729166666666 0.010499999999999964 0.003880208333333179
0 0.31078703703703703 0.6217083333333333 0.012796296296296342 0.008213541666666657
0 0.3093888888888889 0.6111875 0.012398148148148162 0.0047239583333334775
0 0.297787037037037 0.6084322916666667 0.010796296296296267 0.005286458333333322
0 0.2909907407407407 0.6087708333333333 0.005999999999999991 0.004385416666666764
0 0.2643888888888889 0.6052291666666666 0.01720370370370377 0.004499999999999993
0 0.2641944444444444 0.612765625 0.008398148148148168 0.008098958333333428
0 0.25019444444444444 0.6173229166666666 0.00879629629629627 0.004838541666666707
0 0.358287037037037 0.6061822916666666 0.0066018518518518475 0.003937499999999971
0 0.33278703703703705 0.5890260416666667 0.010796296296296267 0.007874999999999943
0 0.3238888888888889 0.5892552083333332 0.01060185185185192 0.005177083333333421
0 0.3161851851851852 0.5896458333333332 0.00920370370370378 0.005286458333333322
0 0.2738703703703703 0.5939427083333333 0.011287037037037114 0.005947916666666764
0 0.2233611111111111 0.6257083333333332 0.010166666666666657 0.009005208333333315
0 0.22056481481481482 0.5909739583333333 0.011185185185185197 0.01043229166666677
0 0.33975 0.5772499999999999 0.009148148148148117 0.0050052083333334
0 0.3294537037037037 0.5648854166666666 0.019055555555555593 0.004859375000000022
0 0.29375 0.556453125 0.011685185185185215 0.005432291666666522
0 0.2516944444444444 0.5706041666666666 0.007370370370370378 0.007432291666666657
0 0.25842592592592595 0.561171875 0.010675925925925927 0.008578124999999836
0 0.28575 0.5600989583333333 0.0053333333333332985 0.007291666666666608
0 0.22844444444444442 0.5712499999999999 0.006101851851851829 0.008432291666666637
0 0.19629629629629627 0.5606718749999999 0.009398148148148128 0.003859374999999865
0 0.18308333333333332 0.5620260416666666 0.010416666666666666 0.004572916666666771
0 0.16771296296296295 0.5640989583333333 0.0071111111111111175 0.0030000000000001137
0 0.16580555555555554 0.5598124999999999 0.009907407407407396 0.005286458333333322
0 0.15424074074074076 0.59840625 0.008129629629629617 0.010718750000000022
0 0.14497222222222222 0.5881145833333333 0.007370370370370338 0.009005208333333315
0 0.15119444444444444 0.5879010416666667 0.009148148148148157 0.006005208333333378
0 0.10291666666666666 0.613484375 0.007620370370370348 0.003999999999999915
0 0.1005 0.6105572916666666 0.008388888888888878 0.0050052083333334
0 0.07547222222222223 0.61034375 0.010166666666666657 0.010005208333333293
0 0.1245185185185185 0.598046875 0.013212962962962945 0.005432291666666522
0 0.12883333333333333 0.5966197916666667 0.011185185185185157 0.0034322916666667423
0 0.12540740740740738 0.5822552083333333 0.006861111111111148 0.005572916666666572
0 0.1200648148148148 0.5859687499999999 0.007370370370370378 0.006145833333333428
0 0.09694444444444444 0.598265625 0.009398148148148166 0.0050052083333334
0 0.10354629629629629 0.5927604166666666 0.012962962962962976 0.005432291666666522
0 0.11828703703703702 0.5914010416666666 0.013972222222222226 0.004145833333333293
0 0.05946296296296296 0.5957604166666666 0.015250000000000005 0.007145833333333229
0 0.08601851851851852 0.58646875 0.017537037037037035 0.006291666666666629
0 0.10862962962962962 0.5823958333333333 0.012453703703703706 0.0032864583333333643
0 0.09084259259259259 0.575109375 0.008898148148148138 0.007291666666666608
0 0.06199999999999999 0.578109375 0.011685185185185196 0.007005208333333179
0 0.05273148148148148 0.5623125 0.011435185185185187 0.007145833333333229
0 0.04942592592592592 0.5668177083333333 0.014481481481481475 0.006718750000000107
0 0.03812037037037037 0.5630989583333333 0.012194444444444445 0.007291666666666608
0 0.10723148148148148 0.5540260416666667 0.011185185185185197 0.004859375000000022
0 0.09668518518518518 0.5501666666666666 0.013472222222222247 0.003999999999999915
0 0.1669537037037037 0.5412291666666667 0.008638888888888887 0.01043229166666677
0 0.1846111111111111 0.5430885416666666 0.016009259259259286 0.005572916666666572
0 0.20710185185185181 0.5426614583333333 0.012194444444444485 0.003859374999999865
0 0.11155555555555555 0.5373697916666667 0.012703703703703715 0.006718750000000107
0 0.13010185185185183 0.5345833333333333 0.010675925925925887 0.008291666666666763
0 0.1684722222222222 0.5315833333333334 0.020833333333333332 0.006572916666666729
0 0.21815740740740738 0.5327968750000001 0.017537037037037035 0.007291666666666608
0 0.2711388888888889 0.5277239583333333 0.010166666666666657 0.009145833333333363
0 0.7585277777777778 0.5382447916666667 0.01465740740740734 0.009994791666666636
0 0.7314259259259259 0.5392395833333332 0.018212962962963136 0.010494791666666715
0 0.5630648148148147 0.5371197916666667 0.01376851851851847 0.00824479166666663
0 0.7138796296296296 0.5287447916666667 0.013324074074074193 0.005994791666666721
0 0.8100555555555555 0.5225 0.010212962962962832 0.006494791666666622
0 0.7436481481481481 0.5131302083333333 0.009768518518518477 0.003250000000000064
0 0.7387592592592592 0.524625 0.010657407407407504 0.005744791666666593
0 0.768962962962963 0.517875 0.0088888888888887 0.006244791666666671
0 0.7791851851851852 0.5160052083333333 0.012435185185185244 0.005994791666666721
0 0.768074074074074 0.5020104166666666 0.013324074074074273 0.00849479166666658
0 0.7722962962962963 0.487890625 0.013768518518518312 0.008744791666666706
0 0.7494166666666666 0.5327447916666667 0.0088888888888887 0.006494791666666622
0 0.6896666666666667 0.51875 0.012879629629629758 0.007494791666666778
0 0.6476944444444445 0.5008854166666666 0.009768518518518477 0.009244791666666608
0 0.6381388888888889 0.490140625 0.01465740740740734 0.00724479166666665
0 0.6043796296296295 0.47889583333333335 0.005777777777777733 0.006244791666666671
0 0.6156759259259259 0.48780729166666664 0.009749999999999974 0.00447395833333335
0 0.6095185185185185 0.4863645833333333 0.006666666666666762 0.00447395833333335
0 0.5580833333333334 0.4863645833333333 0.01821296296296298 0.008515624999999893
0 0.5555185185185185 0.5056979166666666 0.011027777777777853 0.006781250000000049
0 0.551287037037037 0.5268385416666665 0.0076944444444443936 0.004619791666666551
0 0.5033148148148148 0.50303125 0.010259259259259244 0.004041666666666721
0 0.4866388888888889 0.5290729166666667 0.008722222222222343 0.006494791666666622
0 0.6063148148148149 0.45966666666666656 0.014111111111111067 0.004760416666666778
0 0.6926388888888888 0.45490624999999996 0.010777777777777922 0.00447395833333335
0 0.712648148148148 0.4494947916666666 0.007185185185185203 0.008369791666666692
0 0.7363796296296296 0.45569791666666665 0.01924074074074061 0.006348958333333421
0 0.7527962962962963 0.46775 0.012055555555555644 0.005052083333333357
0 0.7979444444444445 0.4593802083333333 0.01718518518518503 0.011687500000000028
0 0.7951203703703704 0.4702708333333333 0.010518518518518425 0.004906249999999978
0 0.7553611111111109 0.44133854166666664 0.014620370370370337 0.008223958333333314
0 0.7997407407407406 0.41075 0.01975000000000004 0.007359375000000057
0 0.8176944444444445 0.41803645833333325 0.010009259259259313 0.009234374999999951
0 0.8336018518518518 0.42806249999999996 0.015648148148148126 0.004760416666666778
0 0.8514351851851851 0.4154375 0.013342592592592774 0.004041666666666721
0 0.85425 0.4589427083333333 0.008212962962962757 0.0076458333333333075
0 0.8727222222222221 0.45252604166666666 0.016935185185185258 0.005192708333333407
0 0.921212962962963 0.45339062499999994 0.01641666666666658 0.005192708333333407
0 0.9097962962962962 0.4536770833333333 0.008981481481481524 0.006635416666666671
0 0.9073518518518517 0.40930729166666663 0.014879629629629677 0.0038958333333333427
0 0.8878611111111111 0.4119739583333333 0.011796296296296305 0.005484374999999986
0 0.872212962962963 0.40461458333333333 0.010777777777777765 0.004906249999999978
0 0.7805000000000001 0.3955989583333333 0.012574074074074007 0.009958333333333246
0 0.7710092592592592 0.400359375 0.010518518518518425 0.007645833333333352
0 0.8688796296296295 0.38701041666666663 0.011796296296296305 0.007505208333333346
0 0.8847777777777778 0.3875885416666666 0.010259259259259086 0.006062500000000082
0 0.8759351851851851 0.36796354166666667 0.014111111111111225 0.007505208333333346
0 0.8648981481481481 0.35634895833333335 0.012574074074074007 0.00649479166666671
0 0.8487407407407406 0.36493229166666663 0.013592592592592547 0.005192708333333318
0 0.815 0.3712083333333333 0.009749999999999974 0.007645833333333396
0 0.7858888888888887 0.37510937499999997 0.008462962962963162 0.005052083333333357
0 0.7728055555555555 0.35504687500000004 0.015648148148148126 0.006203125000000043
0 0.7334259259259258 0.356421875 0.014370370370370249 0.004328124999999972
0 0.7849907407407406 0.34090624999999997 0.015907407407407467 0.005338541666666696
0 0.7231666666666666 0.33477604166666663 0.013851851851851886 0.008083333333333354
0 0.7822962962962963 0.32525 0.011546296296296216 0.008369791666666604
0 0.7807592592592593 0.33585937499999996 0.006925925925925943 0.006203125000000043
0 0.7702407407407407 0.3383802083333333 0.007435185185185054 0.003750000000000053
0 0.8327037037037036 0.32221874999999994 0.008722222222222185 0.010098958333333385
0 0.8686203703703703 0.32929166666666665 0.013342592592592774 0.009526041666666618
0 0.8929907407407407 0.3298697916666667 0.014879629629629677 0.004906250000000068
0 0.8954259259259258 0.3196979166666667 0.014111111111111225 0.004182291666666682
0 0.7451018518518518 0.3191197916666667 0.006416666666666831 0.004760416666666689
0 0.751 0.3079375 0.011546296296296216 0.006927083333333339
0 0.8245 0.2986979166666667 0.009231481481481611 0.0072135416666665895
0 0.7534351851851853 0.2965364583333333 0.009231481481481611 0.009812499999999957
0 0.7285555555555555 0.30064583333333333 0.0076944444444443936 0.005916666666666614
0 0.7017407407407408 0.3014427083333333 0.007953703703703576 0.003177083333333286
0 0.7241944444444444 0.28939062499999996 0.008212962962962757 0.005052083333333357
0 0.7375277777777778 0.28492187499999994 0.010777777777777765 0.0038958333333333427
0 0.724574074074074 0.2780677083333333 0.008981481481481524 0.006348958333333332
0 0.8259074074074074 0.274671875 0.009490740740740635 0.0036093750000000036
0 0.7066203703703704 0.2510104166666666 0.011546296296296296 0.0036093750000000036
0 0.6689074074074074 0.27265625 0.007435185185185212 0.008515624999999982
0 0.6878888888888889 0.28492187499999994 0.011546296296296374 0.004760416666666689
0 0.6296574074074074 0.2606770833333333 0.009490740740740793 0.005338541666666696
0 0.6485185185185185 0.282609375 0.011796296296296305 0.005338541666666696
0 0.7066203703703704 0.23196354166666663 0.011546296296296296 0.004182291666666682
0 0.6519814814814814 0.30238020833333334 0.012574074074074007 0.007937499999999976
0 0.6385092592592593 0.30771875 0.011796296296296305 0.004473958333333261
0 0.6170925925925926 0.3207083333333333 0.014111111111111067 0.004182291666666682
0 0.5914351851851851 0.28996875 0.007953703703703576 0.005338541666666696
0 0.5290462962962963 0.303625 0.018435185185185315 0.005729166666666697
0 0.5839444444444444 0.32622395833333334 0.011555555555555624 0.0047968749999999895
0 0.5155555555555554 0.31461458333333325 0.00852777777777776 0.008822916666666725
0 0.5412870370370371 0.3571822916666666 0.008259259259259327 0.0038697916666666997
0 0.6691111111111111 0.3934010416666667 0.018435185185185315 0.006036458333333261
0 0.6047222222222222 0.39100520833333335 0.007981481481481327 0.004953125000000025
0 0.5429444444444443 0.3904635416666667 0.011009259259259352 0.006656249999999986
0 0.6341666666666667 0.4100416666666666 0.025592592592592684 0.008046874999999964
0 0.615037037037037 0.4218854166666667 0.011009259259259352 0.004489583333333336
0 0.5990740740740741 0.41066145833333334 0.009351851851851715 0.003406249999999922
0 0.48212037037037037 0.41701041666666666 0.009351851851851715 0.004645833333333372
0 0.45062037037037034 0.38782812499999997 0.01073148148148151 0.006348958333333332
0 0.4313518518518518 0.39146875 0.011833333333333309 0.003406250000000011
0 0.39750925925925923 0.404703125 0.016231481481481402 0.004796875000000078
0 0.4171851851851852 0.4334947916666666 0.007703703703703803 0.006348958333333421
0 0.4753796296296296 0.4524583333333333 0.009629629629629714 0.004953124999999936
0 0.4361666666666666 0.4687864583333333 0.00825925925925917 0.007895833333333435
0 0.3973703703703704 0.4747447916666666 0.00825925925925917 0.008359375000000035
0 0.42998148148148146 0.4771458333333333 0.011287037037037035 0.003562499999999957
0 0.43699074074074074 0.5052395833333333 0.011009259259259194 0.006192708333333385
0 0.4557037037037037 0.5310885416666666 0.009907407407407396 0.011145833333333322
0 0.3932407407407407 0.50075 0.0066018518518518475 0.007432291666666657
0 0.38690740740740737 0.5101145833333333 0.019814814814814792 0.004796875000000078
0 0.3452222222222222 0.5296197916666665 0.007981481481481485 0.008822916666666635
0 0.3343518518518519 0.5137552083333332 0.016509259259259324 0.005260416666666679
0 0.34163888888888894 0.49061458333333335 0.018435185185185155 0.010062499999999908
0 0.30930555555555556 0.491 0.013759259259259297 0.008979166666666672
0 0.24560185185185182 0.5178541666666666 0.011833333333333309 0.005729166666666607
0 0.21822222222222223 0.5178541666666666 0.007703703703703724 0.00696354166666655
0 0.2394074074074074 0.5012916666666667 0.01045370370370367 0.003562499999999957
0 0.183 0.5136770833333333 0.013759259259259278 0.00696354166666655
0 0.1657962962962963 0.5229635416666667 0.01568518518518517 0.00603645833333335
0 0.14475 0.5180885416666666 0.014861111111111134 0.005572916666666749
0 0.1550648148148148 0.5065572916666666 0.014583333333333334 0.005109374999999972
0 0.11901851851851851 0.5248229166666667 0.010185185185185198 0.007895833333333435
0 0.1294722222222222 0.5166927083333333 0.018435185185185197 0.007119791666666764
0 0.07072222222222221 0.5214166666666666 0.015407407407407389 0.005729166666666607
0 0.08805555555555554 0.5070989583333333 0.022018518518518517 0.003406249999999922
0 0.05778703703703703 0.5283802083333333 0.009907407407407396 0.005416666666666714
0 0.05737962962962963 0.5428541666666666 0.011833333333333328 0.004026041666666735
0 0.03467592592592593 0.5365104166666665 0.012111111111111109 0.005572916666666572
0 0.049805555555555554 0.5320208333333334 0.013212962962962961 0.005572916666666572
0 0.05160185185185184 0.5133645833333332 0.009629629629629636 0.006348958333333421
0 0.03687037037037037 0.5094218749999999 0.01375925925925926 0.004645833333333372
0 0.060407407407407396 0.5006718749999999 0.007981481481481485 0.00603645833333335
0 0.06219444444444445 0.4947135416666667 0.015407407407407408 0.005260416666666679
0 0.046092592592592595 0.4985052083333333 0.016231481481481482 0.005729166666666607
0 0.06728703703703703 0.479234375 0.019537037037037033 0.007739583333333222
0 0.14639814814814814 0.477921875 0.009351851851851873 0.004796875000000078
0 0.18121296296296296 0.45315104166666664 0.015138888888888917 0.005729166666666607
0 0.14282407407407408 0.45741145833333335 0.009351851851851873 0.00649999999999995
0 0.08544444444444443 0.4669270833333333 0.018435185185185186 0.00696354166666655
0 0.04210185185185185 0.46723958333333326 0.011009259259259259 0.008203125
0 0.02710185185185185 0.4550885416666667 0.010731481481481479 0.009598958333333307
0 0.04623148148148148 0.4551666666666666 0.016509259259259258 0.0038697916666666997
0 0.018027777777777775 0.45191666666666663 0.00798148148148148 0.005729166666666607
0 0.05214814814814815 0.4381354166666666 0.009083333333333343 0.008203125
0 0.08131481481481481 0.43426562499999993 0.010185185185185179 0.004796875000000078
0 0.11296296296296296 0.44293750000000004 0.009629629629629636 0.007895833333333435
0 0.12562037037037035 0.44216145833333337 0.01403703703703706 0.003250000000000064
0 0.15768518518518518 0.42234895833333325 0.013212962962962945 0.005416666666666714
0 0.2105185185185185 0.4373645833333333 0.01596296296296297 0.008203125
0 0.1842407407407407 0.408109375 0.010731481481481432 0.004489583333333336
0 0.13305555555555554 0.40934895833333335 0.010731481481481472 0.008822916666666635
0 0.11805555555555555 0.4086510416666666 0.01375925925925926 0.006192708333333385
0 0.0842037037037037 0.4167760416666667 0.007157407407407391 0.007895833333333435
0 0.05062962962962963 0.42273437499999994 0.004953703703703698 0.004026041666666735
0 0.05160185185185184 0.4191770833333333 0.009083333333333343 0.004026041666666735
0 0.05737962962962963 0.402921875 0.006333333333333337 0.0058802083333333146
0 0.05421296296296296 0.39293750000000005 0.007703703703703704 0.005416666666666714
0 0.033296296296296296 0.3851197916666666 0.011009259259259264 0.007432291666666657
0 0.04884259259259259 0.3848125 0.009629629629629636 0.008979166666666672
0 0.13249999999999998 0.39913020833333335 0.007425925925925923 0.005416666666666714
0 0.18464814814814814 0.384890625 0.015407407407407389 0.005416666666666714
0 0.13869444444444443 0.388140625 0.012111111111111109 0.006656249999999986
0 0.23996296296296296 0.38287499999999997 0.011555555555555546 0.007583333333333275
0 0.10401851851851851 0.3776927083333333 0.013212962962962985 0.006500000000000039
0 0.0809074074074074 0.38241145833333334 0.007157407407407391 0.00696354166666664
0 0.05517592592592593 0.36941145833333333 0.008527777777777778 0.00696354166666664
0 0.08337962962962962 0.3710364583333333 0.00880555555555554 0.008359374999999947
0 0.07912037037037037 0.3558645833333333 0.01403703703703704 0.010833333333333339
0 0.16098148148148148 0.35331250000000003 0.007157407407407411 0.006656249999999986
0 0.15877777777777777 0.33628645833333326 0.021462962962962982 0.005109374999999972
0 0.1645648148148148 0.3461927083333333 0.011009259259259234 0.008822916666666725
0 0.17639814814814814 0.3471197916666667 0.011009259259259253 0.003562499999999957
0 0.18354629629629626 0.34332812500000004 0.0066018518518518475 0.0058802083333333146
0 0.20762962962962964 0.33071354166666667 0.010731481481481432 0.0047968749999999895
0 0.24752777777777774 0.35385416666666664 0.013481481481481457 0.007119791666666675
0 0.2779351851851852 0.36221354166666664 0.0066018518518518475 0.006192708333333385
0 0.31976851851851856 0.3751354166666666 0.011009259259259272 0.007895833333333347
0 0.2436759259259259 0.33226041666666667 0.01788888888888888 0.006036458333333261
0 0.22634259259259257 0.3240572916666667 0.009083333333333362 0.00727604166666671
0 0.21326851851851852 0.316859375 0.006055555555555574 0.006192708333333385
0 0.15162962962962961 0.32127083333333334 0.01045370370370371 0.0044895833333332465
0 0.14598148148148146 0.316859375 0.009629629629629596 0.007119791666666675
0 0.10924999999999997 0.3161614583333333 0.01925925925925927 0.003562499999999957
0 0.1572685185185185 0.2838854166666666 0.01568518518518517 0.0058802083333333146
0 0.15903703703703703 0.29577604166666666 0.0071296296296296195 0.006229166666666686
0 0.16641666666666666 0.29508333333333325 0.009101851851851825 0.007609374999999918
0 0.18941666666666665 0.2937708333333333 0.012296296296296244 0.008026041666666739
0 0.1875740740740741 0.305875 0.008611111111111095 0.006781249999999961
0 0.30307407407407405 0.3114114583333333 0.01426851851851849 0.005671875000000081
0 0.3361574074074074 0.3219270833333333 0.01057407407407401 0.008994791666666658
0 0.36124999999999996 0.32677083333333334 0.007629629629629638 0.004567708333333353
0 0.3445185185185185 0.31417708333333333 0.015500000000000035 0.007609374999999918
0 0.30245370370370367 0.297921875 0.014018518518518479 0.004427083333333304
0 0.2504259259259259 0.2933541666666667 0.010824074074074099 0.011624999999999996
0 0.2392314814814815 0.29176041666666663 0.01352777777777779 0.008442708333333382
0 0.26764814814814814 0.29418229166666665 0.006888888888888939 0.0058125000000000425
0 0.22521296296296292 0.2719739583333333 0.010574074074074088 0.010932291666666672
0 0.28732407407407407 0.28304687500000003 0.011314814814814866 0.005119791666666628
0 0.32028703703703704 0.28678125 0.0137777777777778 0.005395833333333311
0 0.3328333333333333 0.2871979166666666 0.009842592592592563 0.006229166666666686
0 0.35300925925925924 0.2913489583333333 0.0167314814814815 0.008718749999999975
0 0.38142592592592595 0.2999270833333333 0.01352777777777779 0.005119791666666628
0 0.37612962962962965 0.28442708333333333 0.010824074074074177 0.00927083333333334
0 0.31130555555555556 0.253 0.007722222222222226 0.007776041666666611
0 0.31313888888888886 0.26192187499999997 0.009759259259259226 0.005947916666666675
0 0.3456666666666667 0.26603645833333334 0.006509259259259261 0.007776041666666611
0 0.3684444444444444 0.27072916666666663 0.010574074074074088 0.004802083333333318
0 0.41236111111111107 0.286625 0.014638888888888838 0.005031250000000043
0 0.37515740740740744 0.24556770833333333 0.011796296296296305 0.006635416666666671
0 0.3838981481481481 0.261578125 0.0073240740740740445 0.007093750000000032
0 0.40300925925925923 0.26603645833333334 0.008944444444444363 0.00411979166666665
0 0.41276851851851853 0.255171875 0.011388888888888794 0.0061770833333333105
0 0.427 0.25265624999999997 0.008944444444444363 0.004343750000000046
0 0.436962962962963 0.22234895833333335 0.010981481481481441 0.008692708333333332
0 0.45831481481481484 0.21903125 0.008944444444444363 0.005260416666666679
0 0.4922777777777777 0.2166302083333333 0.009351851851851715 0.007317708333333339
0 0.5340185185185186 0.21033333333333332 0.014472222222222324 0.005578124999999989
0 0.4928888888888889 0.23015104166666664 0.012055555555555486 0.007838541666666643
0 0.5113796296296296 0.224875 0.008305555555555582 0.009041666666666703
0 0.570861111111111 0.221109375 0.01580555555555555 0.006630208333333343
0 0.5767592592592592 0.22578125 0.007768518518518558 0.004520833333333307
0 0.6038240740740741 0.21899479166666666 0.01045370370370367 0.004218749999999982
0 0.5977962962962963 0.22291666666666665 0.0074999999999999685 0.005125000000000046
0 0.6031481481481481 0.23331770833333332 0.017148148148148183 0.004218749999999982
0 0.5117777777777778 0.26330729166666667 0.009648148148148215 0.009947916666666678
0 0.528398148148148 0.2581822916666666 0.0074999999999999685 0.005729166666666697
0 0.5648333333333333 0.26888541666666665 0.015009259259259345 0.005124999999999958
0 0.566037037037037 0.27340625 0.007768518518518558 0.005729166666666697
0 0.4385277777777778 0.33482291666666664 0.013129629629629531 0.005999999999999961
0 0.46601851851851855 0.33366666666666667 0.021333333333333353 0.004151041666666711
0 0.5371944444444444 0.33297395833333326 0.011074074074074108 0.003692708333333261
0 0.48181481481481475 0.34751041666666665 0.006972222222222197 0.006463541666666739
0 0.5587314814814814 0.37716666666666665 0.009027777777777777 0.003921874999999986
0 0.3897129629629629 0.4332395833333333 0.0065648148148148445 0.006692708333333286
0 0.3486944444444444 0.4276979166666666 0.012305555555555495 0.009458333333333435
0 0.7235833333333334 0.3838697916666666 0.013657407407407302 0.0028802083333332893