0 0.897962962962963 0.3424375 0.0053333333333332195 0.007427083333333329
0 0.8714722222222223 0.43997916666666664 0.007259259259259289 0.002901041666666693
0 0.9412499999999999 0.4707239583333333 0.014249999999999987 0.00408333333333335
0 0.9228425925925925 0.49593229166666664 0.006472222222222336 0.0051145833333333
0 0.6688425925925926 0.32610416666666664 0.010222222222222242 0.008494791666666668
0 0.7732777777777777 0.30827604166666667 0.013055555555555366 0.003098958333333357
0 0.6718333333333334 0.24754166666666663 0.012425925925925993 0.007078125000000046
0 0.5716388888888889 0.253203125 0.005194444444444299 0.0038906250000000143
0 0.39367592592592593 0.2923541666666667 0.011638888888888883 0.006989583333333371
0 0.34814814814814815 0.3261927083333333 0.009907407407407476 0.004067708333333276
0 0.2941944444444444 0.29761979166666663 0.005509259259259301 0.005661458333333247
0 0.2518888888888889 0.3432239583333333 0.01085185185185185 0.006812499999999932
0 0.3180277777777778 0.3827291666666667 0.006287037037037003 0.004953125000000025
0 0.24339814814814814 0.397765625 0.011796296296296305 0.007078124999999958
0 0.19298148148148148 0.3876822916666667 0.009749999999999974 0.007078124999999958
0 0.17883333333333332 0.4413854166666667 0.012268518518518512 0.005484374999999986
0 0.31055555555555553 0.46310416666666665 0.01085185185185185 0.0043333333333333
0 0.4576944444444444 0.5802395833333333 0.004407407407407346 0.004333333333333478
0 0.14493518518518517 0.5369322916666667 0.011166666666666656 0.007609375000000007
0 0.11730555555555555 0.49811458333333325 0.0060370370370370335 0.0021979166666666215
0 0.1252037037037037 0.6260364583333333 0.008694444444444432 0.006687500000000135
0 0.1562962962962963 0.6405104166666666 0.007546296296296262 0.006687500000000135
0 0.21965740740740738 0.7447291666666667 0.006657407407407431 0.0038906249999998365
0 0.331537037037037 0.65509375 0.007333333333333295 0.00824479166666663
0 0.4627685185185185 0.6564791666666666 0.004796296296296197 0.003411458333333428
0 0.3234351851851852 0.7731145833333334 0.016777777777777756 0.00546875
0 0.39370370370370367 0.7649895833333333 0.009305555555555461 0.0034895833333331793
0 0.40498148148148144 0.7938489583333334 0.010990740740740692 0.004442708333333378
0 0.5336759259259259 0.785921875 0.006768518518518521 0.0015833333333333144
0 0.6953518518518518 0.7745468750000001 0.012120370370370242 0.008640625000000134
0 0.6940185185185185 0.78334375 0.008037037037037148 0.0030937500000000283
0 0.7599166666666667 0.7076614583333333 0.004796296296296355 0.004281249999999836
0 0.8216574074074073 0.7133333333333333 0.01324999999999995 0.0038854166666666854
0 0.8280648148148148 0.7013593749999999 0.005500000000000051 0.004359374999999943
0 0.7592777777777777 0.6391979166666666 0.011416666666666705 0.004677083333333343
0 0.8767685185185184 0.6003854166666667 0.01071296296296301 0.002536458333333336
0 0.9158148148148147 0.5837343749999999 0.010435185185185169 0.005390624999999894
0 0.9114444444444445 0.5542395833333333 0.009583333333333144 0.0041249999999999785
0 0.7469444444444444 0.5386145833333333 0.010435185185185169 0.0061822916666665504
0 0.12301851851851853 0.40284895833333334 0.01759259259259258 0.005463541666666671