0 0.2588554154070677 0.7557665094339623 0.011404148858542698 0.007476415094339472
0 0.5549463150213698 0.7971462264150945 0.009965599916605835 0.005424528301886689
0 0.8052121338475973 0.730365566037736 0.012863546335869707 0.00625
0 0.6876889398519755 0.5806132075471699 0.010674450119879076 0.005224056603773519
0 0.6126133639111853 0.5343160377358491 0.009048264359428789 0.00502358490566035
0 0.9713541123736059 0.495495283018868 0.009423537996455634 0.005837264150943433
0 0.5994996351506308 0.2865919811320755 0.011779422495569621 0.006143867924528301
0 0.6384238507244867 0.3325825471698113 0.009965599916605835 0.004716981132075482
0 0.6653184613780883 0.4009551886792453 0.013030334618993063 0.006662735849056567
0 0.6041488585426874 0.2584433962264151 0.009923902845825073 0.003655660377358494
0 0.4269988533305536 0.287688679245283 0.009465235067236552 0.004658018867924519
0 0.29089961430209527 0.278997641509434 0.00917335557177107 0.005070754716981174
0 0.28445741686646514 0.4338797169811321 0.008005837589909229 0.005518867924528159
0 0.5582612321484416 0.4750471698113207 0.007130199103512866 0.003573113207547074
0 0.03984155113103304 0.5987500000000001 0.00590013551548004 0.005966981132075411
0 0.03219013864276035 0.6179834905660377 0.011174814969248418 0.009799528301886795