0 0.33336808089231734 0.2669221698113208 0.013363911185239304 0.009221698113207565
0 0.3194412592515376 0.33100235849056603 0.016845616595434137 0.011238207547169754
0 0.27130199103512975 0.3403891509433962 0.01803398311268628 0.009433962264150964
0 0.4605649953090796 0.28433962264150947 0.020327322005629127 0.008573113207547145
0 0.5494214531429167 0.3988679245283019 0.013363911185239146 0.008974056603773617
0 0.9010945481079955 0.3826768867924529 0.01451058063171061 0.013077830188679317
0 0.7244032106744501 0.4030542452830189 0.018305014072761226 0.0104599056603774
0 0.9141665797977693 0.4574882075471698 0.012780152194308187 0.009929245283018773
0 0.7495048472844783 0.4887146226415095 0.021494839987490737 0.013242924528301891
0 0.6378609402689461 0.5210731132075472 0.019451683519232845 0.010955188679245253
0 0.7596789325549881 0.5978537735849058 0.02091108099656009 0.011757075471698108
0 0.838819972896904 0.5786320754716981 0.017137496090899616 0.008785377358490543
0 0.852600854789951 0.6169103773584906 0.018576045032836247 0.01439858490566035
0 0.5343271135202753 0.49351415094339623 0.021494839987490893 0.012016509433962241
0 0.1623266965495674 0.3271462264150944 0.016261857604503296 0.008443396226415078
0 0.12807255290315855 0.5593396226415095 0.020911080996559972 0.011603773584905674
0 0.11181069529865528 0.6118160377358491 0.02322526842489316 0.013726415094339828
0 0.3676430730741166 0.7207193396226416 0.022641509433962356 0.011096698113207636
0 0.43936203481705416 0.6992806603773586 0.01451058063171061 0.014540094339622556