0 0.4805170436776816 0.2335731132075472 0.019806108620869387 0.01183962264150944
0 0.33612008756384865 0.2531603773584906 0.020890232461169552 0.011415094339622645
0 0.18482226623579695 0.3089033018867925 0.019535077660794344 0.012370283018867934
0 0.21182111956635047 0.34988207547169814 0.016553737099968737 0.011438679245283101
0 0.14737829667465863 0.3828301886792453 0.022787449181695018 0.010070754716981068
0 0.18332117168768897 0.45666273584905664 0.019806108620869387 0.009457547169811242
0 0.23367038465547796 0.6671344339622642 0.017908891900344 0.011320754716981084
0 0.5425205879286981 0.683926886792453 0.018450953820494123 0.010825471698113275
0 0.5886583967476285 0.7157075471698113 0.022787449181694938 0.011757075471698108
0 0.7175857396017931 0.6697169811320755 0.020077139580944564 0.014646226415094433
0 0.9171896174293757 0.5116745283018868 0.018721984780569145 0.014469339622641542
0 0.8093192953195039 0.5178891509433963 0.016282706139893636 0.013101415094339685
0 0.7375377879703952 0.5039150943396227 0.01763786094026906 0.010931603773584797
0 0.5919316168039196 0.5330896226415095 0.01790889190034408 0.012181603773584904
0 0.5474199937454395 0.39040094339622644 0.020077139580944408 0.013242924528301891
0 0.9116230584801418 0.4293985849056604 0.01248827269884302 0.010200471698113134
0 0.9037631606379652 0.375813679245283 0.016282706139893636 0.011698113207547146
0 0.8926300427394975 0.36114386792452835 0.013572396539143106 0.00908018867924536
0 0.3468570832898989 0.27734669811320756 0.013030334618992985 0.009127358490566007