0 0.21038257062441365 0.3103773584905661 0.015657250078181993 0.011686320754716917
0 0.27962055665589497 0.286686320754717 0.022016053372250634 0.010530660377358458
0 0.3404774314604399 0.2610259433962264 0.018555196497446025 0.009363207547169771
0 0.3846763264880642 0.27849056603773586 0.01826331700198062 0.011827830188679212
0 0.46681955592619623 0.29758254716981136 0.01738767851558418 0.011686320754717006
0 0.6950067757740019 0.29405660377358495 0.014781611591785787 0.009540094339622574
0 0.6851662670697384 0.28652122641509437 0.012467424163452562 0.008231132075471681
0 0.6992181799228605 0.2840566037735849 0.014489732096320308 0.01117924528301888
0 0.8958198686542271 0.4047169811320755 0.01129990618159064 0.009587264150943398
0 0.5436047117689983 0.4235731132075472 0.016220160533722418 0.009929245283018773
0 0.7409360992390285 0.5350117924528301 0.019701865943917565 0.011544811320754711
0 0.7267382466381737 0.7238443396226416 0.015657250078182073 0.012558962264151142
0 0.5498384238507246 0.693997641509434 0.014781611591785787 0.00794811320754718
0 0.4676951944125926 0.744681603773585 0.011904513707911903 0.008195754716981262
0 0.454852496612113 0.7397641509433963 0.012529969769623624 0.009516509433962206
0 0.36474512665485254 0.7214740566037736 0.011737725424788861 0.009091981132075589
0 0.10255394558532263 0.6107900943396227 0.017033253413947676 0.008938679245282976
0 0.13051183154383403 0.49965801886792455 0.016220160533722494 0.010448113207547216
0 0.13835088085062025 0.486438679245283 0.012425727092671762 0.008761792452830087
0 0.29534035234024814 0.4844457547169812 0.018367559678932523 0.01212264150943394