0 0.2895236109663296 0.2764740566037736 0.01709579902011878 0.010200471698113223
0 0.22053580735953301 0.3074056603773585 0.02047326175336179 0.009268867924528301
0 0.15646825810486814 0.37206367924528305 0.01851349942666526 0.010106132075471752
0 0.1845095382049411 0.38530660377358494 0.02074429271343687 0.012806603773584956
0 0.27997498175753155 0.5070872641509434 0.013176274366725724 0.010837264150943503
0 0.16949859272386114 0.6501768867924529 0.015990826644428194 0.012476415094339544
0 0.17104138434274993 0.6750825471698114 0.01738767851558428 0.009009433962264345
0 0.2520796414051913 0.6978301886792453 0.01795058897112484 0.012641509433962384
0 0.5826748670905869 0.7098820754716982 0.022995934535598898 0.014846698113207425
0 0.528572917752528 0.640943396226415 0.015698947148962833 0.013066037735849
0 0.8018138225789638 0.691556603773585 0.018784530386740207 0.009599056603773626
0 0.5158970082351715 0.4907900943396227 0.02082768685499841 0.01676886792452841
0 0.6491816949859273 0.5406957547169812 0.020118836651725168 0.012936320754717023
0 0.8941936828937768 0.4433254716981132 0.01868028770978854 0.0132783018867924
0 0.41084123840300224 0.6741037735849057 0.02868758469717498 0.015966981132075377
0 0.11902428854372982 0.6393042452830189 0.015240279370374232 0.012441037735849036
0 0.793828833524445 0.3839622641509434 0.027603460856874734 0.01978773584905653