0 0.4130511831543835 0.24597877358490566 0.022245387261544895 0.009198113207547199
0 0.2813092880225164 0.2622051886792453 0.018742833315959603 0.00984669811320762
0 0.236568331074742 0.2905660377358491 0.019201501094548126 0.0077476415094339226
0 0.21501094548107993 0.30765330188679246 0.012655060981965983 0.010141509433962258
0 0.12062962576878974 0.39882075471698114 0.01780464922339206 0.00804245283018874
0 0.08126759095173565 0.48386792452830185 0.014990096945689571 0.00804245283018865
0 0.49046179505889714 0.49321933962264153 0.019681017408527107 0.014811320754716917
0 0.6605024497029085 0.5068042452830188 0.01826331700198062 0.014150943396226445
0 0.10023975815698948 0.5626886792452831 0.01499009694568955 0.007499999999999929
0 0.07786927968310227 0.5643514150943396 0.011008026686125298 0.00841981132075471
0 0.305201709579902 0.6413797169811322 0.017325132909413118 0.00908018867924536
0 0.4477222975086001 0.7216627358490567 0.019910351297821368 0.008290094339622555
0 0.658876263942458 0.7415448113207548 0.019201501094548126 0.009882075471698216
0 0.7000938184092569 0.7284198113207548 0.01732513290941304 0.012264150943396324
0 0.6952986552694673 0.6937853773584907 0.014760763056395329 0.00975235849056606
0 0.6239758156989472 0.6327712264150944 0.01826331700198062 0.01014150943396217
0 0.6998644845199624 0.5702358490566037 0.015448764724278034 0.00908018867924536
0 0.8790367976649641 0.5584433962264151 0.014051912853122087 0.009339622641509315
0 0.8687584697175024 0.4088443396226415 0.018721984780569145 0.008219339622641542
0 0.8598769936411967 0.3952594339622642 0.01248827269884302 0.008749999999999947