0 0.43043886166996775 0.24766509433962267 0.02047326175336187 0.010919811320754747
0 0.5227770249139999 0.2812853773584906 0.013363911185239304 0.0053655660377359025
0 0.6656520379443344 0.29597877358490565 0.012154696132596779 0.006922169811320789
0 0.7156051287397062 0.30713443396226414 0.013655790680704627 0.006568396226415185
0 0.8700302303763161 0.3802240566037736 0.011841968101740683 0.006391509433962206
0 0.8891483373293027 0.429433962264151 0.013655790680704627 0.006391509433962206
0 0.8320650474304181 0.4717334905660377 0.013363911185239146 0.007523584905660385
0 0.6414260398207027 0.687311320754717 0.017408527050974638 0.005849056603773661
0 0.6582299593453561 0.7385731132075471 0.015010945481080049 0.008608490566037652
0 0.5931199833211718 0.7417924528301887 0.0179922860419056 0.006910377358490471
0 0.524986969665381 0.5964268867924528 0.016115917856770592 0.0073702830188679515
0 0.16518294589805066 0.6903655660377359 0.02376733034504326 0.010448113207547039
0 0.08891900344000835 0.628054245283019 0.020994475138121572 0.012193396226414955
0 0.15869905139163976 0.47033018867924525 0.01682476806004376 0.008537735849056639
0 0.14664859793599502 0.3732429245283019 0.017012404878557257 0.007205188679245289
0 0.20944438653184616 0.38011792452830184 0.016261857604503334 0.009540094339622662
0 0.3476910247055145 0.3875353773584906 0.015698947148962753 0.007877358490565988
0 0.14431356197227144 0.34136792452830195 0.012717606588137163 0.006261792452830139
0 0.5157302199520485 0.4633844339622642 0.022391327009277633 0.011957547169811279