0 0.5804440738038154 0.2541745283018868 0.01786719482956332 0.010306603773584921
0 0.49421453142916716 0.2618867924528302 0.019660168873136645 0.009976415094339598
0 0.41365579068070474 0.310495283018868 0.020577504430313847 0.01060141509433965
0 0.3917439799854061 0.3383254716981132 0.02030647347023867 0.008124999999999983
0 0.4618576045032837 0.39005896226415093 0.022870843323256614 0.011049528301886814
0 0.7803606796622539 0.39350235849056603 0.02043156468258111 0.010070754716981068
0 0.8848952361096634 0.42587264150943394 0.02389242155738564 0.012712264150943398
0 0.5241321797143751 0.4554716981132076 0.021995204836860176 0.011792452830188616
0 0.8263942458042323 0.6463207547169812 0.016657979776920635 0.0081367924528303
0 0.7944542895861566 0.6863915094339623 0.019013864276034624 0.011391509433962277
0 0.7337850516001251 0.6955778301886794 0.023100177212551035 0.010082547169811207
0 0.665255915771917 0.7337617924528302 0.025456061711664865 0.010542452830188686
0 0.48841863859063905 0.7328773584905661 0.01674137391848216 0.008773584905660492
0 0.34262483060565 0.7282665094339624 0.02139059731053891 0.010400943396226303
0 0.2781820077139581 0.731556603773585 0.01795058897112484 0.00908018867924536
0 0.06279578859585115 0.5641981132075472 0.0229750860002085 0.014198113207547181
0 0.1072865631189409 0.4451533018867925 0.022474721150839157 0.014186320754716953
0 0.12988637548212237 0.396308962264151 0.01682476806004376 0.007558962264150937
0 0.23813197122902116 0.30086084905660376 0.01863859063900762 0.010011792452830192
0 0.29767538830397167 0.27797169811320754 0.021911810695298656 0.012158018867924536