0 0.4892942770770354 0.2504481132075472 0.012675909517356363 0.004551886792452819
0 0.4826644428228917 0.2556957547169812 0.009652871885750052 0.004775943396226445
0 0.3690190764098822 0.2555306603773585 0.01161263421244658 0.0059433962264151315
0 0.18198686542270406 0.32830188679245287 0.012988637548212225 0.0068514150943395965
0 0.2638382153653706 0.3335023584905661 0.012780152194308343 0.006084905660377338
0 0.18325862608151777 0.43517688679245287 0.013176274366725724 0.007606132075471806
0 0.21636610028145525 0.49533018867924533 0.018993015740644242 0.008278301886792506
0 0.334744084228083 0.5015212264150943 0.012780152194308343 0.007499999999999929
0 0.09433962264150944 0.6445047169811321 0.014343792348587498 0.007499999999999929
0 0.13201292609194204 0.6806132075471698 0.018784530386740363 0.01069575471698112
0 0.18238298759512145 0.7087735849056604 0.019555926196184726 0.008502358490566131
0 0.5311164390701554 0.7330070754716982 0.015219430834983852 0.0075471698113208415
0 0.688627123944543 0.7424646226415095 0.01826331700198062 0.010990566037735761
0 0.747607630563953 0.7233844339622642 0.019013864276034624 0.010683962264150892
0 0.5536954028979464 0.6362735849056603 0.017762952152611183 0.011214622641509386
0 0.5273220056291047 0.448938679245283 0.02130720316897739 0.010978773584905533
0 0.8846867507557594 0.4277004716981132 0.014719065985614255 0.008101415094339615
0 0.6759512144271865 0.2905424528301887 0.023329511101845137 0.01126179245283021
0 0.629542374648181 0.29650943396226415 0.022829146252475854 0.010259433962264097
0 0.5926196184718023 0.5375825471698114 0.021057020744292828 0.011816037735849072