0 0.5086625664547065 0.24568396226415096 0.018659439174397923 0.012040094339622609
0 0.42858334202022313 0.2321933962264151 0.017366829980193878 0.013077830188679229
0 0.31850307515897014 0.30517688679245286 0.02095277806734077 0.015141509433962242
0 0.29321380173042844 0.2522877358490566 0.022474721150839077 0.013384433962264186
0 0.1966642343375378 0.30850235849056606 0.03166892525800061 0.013124999999999965
0 0.16422391327009278 0.344622641509434 0.025039091003856945 0.016037735849056656
0 0.18542687376211822 0.43162735849056605 0.027582612321484415 0.020141509433962312
0 0.47530490983008444 0.22821933962264151 0.025414364640883945 0.01068396226415098
0 0.5411028875221516 0.3798466981132076 0.023329511101845137 0.011533018867924483
0 0.7393307620139686 0.36212264150943396 0.02089023246116963 0.011521226415094343
0 0.8764932763473368 0.41077830188679243 0.019493380590013605 0.009587264150943398
0 0.9011987907849474 0.3694103773584906 0.018805378922130665 0.01192216981132077
0 0.893714166579798 0.5081249999999999 0.018450953820494123 0.011721698113207602
0 0.8723027207338684 0.4906957547169812 0.019493380590013605 0.008761792452830087
0 0.9175648910664026 0.5584316037735849 0.018096528718857266 0.011933962264150999
0 0.891796101323882 0.5973349056603774 0.016699676847701555 0.012948113207547074
0 0.818013134577296 0.5875825471698113 0.019493380590013605 0.011167452830188652
0 0.6199520483686022 0.6677122641509434 0.016011675179818458 0.010778301886792541
0 0.7012196393203378 0.7216509433962266 0.021932659230688954 0.012323113207547287
0 0.12321484415719798 0.6299056603773585 0.02922964661732514 0.011933962264150822