0 0.3149796726779944 0.25942216981132077 0.0176378609402689 0.007535377358490525
0 0.3570311685604086 0.2816981132075472 0.0166996768477014 0.011474056603773607
0 0.44884811841968103 0.3240330188679245 0.017012404878557336 0.011674528301886778
0 0.5014489732096321 0.28437500000000004 0.020160533722506088 0.010400943396226391
0 0.5798811633482748 0.2573820754716981 0.01826331700198062 0.01305424528301886
0 0.714375065151673 0.283125 0.01511518815803195 0.012181603773584904
0 0.8260398207025957 0.3186792452830189 0.017325132909413118 0.011674528301886778
0 0.8956322318357135 0.42174528301886793 0.020473261753362025 0.013632075471698002
0 0.7805066194099864 0.599563679245283 0.022683206504743116 0.011155660377358424
0 0.6397164599186907 0.6890094339622641 0.024559574689877964 0.010459905660377267
0 0.22897946419264048 0.7141273584905662 0.01763786094026898 0.009398584905660456
0 0.21292609194204107 0.7094929245283019 0.015740644219743593 0.008691037735848894
0 0.20915250703638072 0.6506014150943397 0.015740644219743593 0.009540094339622485
0 0.14079015949129575 0.6639622641509434 0.018888773063692264 0.012759433962264134
0 0.10046909204628376 0.4709905660377358 0.01763786094026898 0.009481132075471698
0 0.4272698842906286 0.45378537735849056 0.015427916188887654 0.010365566037735797
0 0.5137287605545711 0.4680424528301887 0.020160533722506088 0.013219339622641612
0 0.18394662774940065 0.32339622641509436 0.0182633170019806 0.011474056603773607
0 0.2271030960075055 0.3740094339622642 0.01763786094026898 0.0122169811320755