0 0.3677264672156781 0.22641509433962267 0.02130720316897739 0.014316037735849019
0 0.2426144063379548 0.2731721698113208 0.014406337954758708 0.0096580188679245
0 0.18165328885645785 0.3535141509433962 0.01478161159178569 0.008113207547169843
0 0.12348587511727302 0.3910023584905661 0.01157093714166578 0.007464622641509511
0 0.20050036484936934 0.39079009433962264 0.011341603252371478 0.008325471698113152
0 0.34018555196497446 0.4066981132075472 0.01761701240487852 0.009127358490566095
0 0.09083706869592413 0.567936320754717 0.01720004169707079 0.009728773584905603
0 0.14564786823725634 0.5863797169811321 0.014385489419368288 0.011285377358490578
0 0.3618471802355885 0.685 0.022078598978421696 0.013054245283018772
0 0.692650891274888 0.6138679245283019 0.019597623266965427 0.012087264150943433
0 0.7991452100489941 0.5663797169811321 0.02439278640675508 0.016049528301886794
0 0.8908996143020953 0.354811320754717 0.018450953820494123 0.00975235849056606
0 0.8092150526425519 0.31154481132075473 0.02370478473887214 0.016249999999999966
0 0.7733138747003023 0.28682783018867924 0.016428645887626533 0.009209905660377337
0 0.7504221828416554 0.27943396226415096 0.01644949442301668 0.00738207547169809
0 0.5509642447618055 0.26716981132075474 0.013092880225164125 0.007582547169811349
0 0.5379547586782027 0.3627240566037736 0.02662357969352647 0.012629716981132156
0 0.8388825185030753 0.4507547169811321 0.02059835296570415 0.012063679245282977
0 0.6878140310643178 0.26923349056603774 0.020327322005629127 0.009339622641509494