0 0.7794224955696863 0.4028066037735849 0.020202230793287004 0.013466981132075385
0 0.2529135828208069 0.2819103773584906 0.019472532054623147 0.01165094339622641
0 0.5172521630355468 0.47732311320754717 0.011967059314083279 0.010648584905660386
0 0.70830814135307 0.27715801886792457 0.012300635880329284 0.013431603773584922
0 0.19512144271864904 0.5957783018867925 0.016512040029187897 0.011580188679245396
0 0.7287814031064318 0.35318396226415094 0.016574585635359115 0.009103773584905727
0 0.7893880954862922 0.04189858490566038 0.024434483477535685 0.012158018867924536
0 0.18726154487647242 0.33100235849056603 0.017012404878557257 0.009386792452830228
0 0.3781715834462629 0.7082547169811322 0.020577504430313847 0.012063679245282977
0 0.24986969665381006 0.34301886792452835 0.010903784009173337 0.009009433962264168
0 0.7894714896278537 0.300306603773585 0.014322943813197108 0.013148584905660421
0 0.5610549358907537 0.7544575471698114 0.01811737725424804 0.009139150943396146
0 0.42382987595121446 0.734492924528302 0.013905973105389347 0.006096698113207566
0 0.21098717815073492 0.6999292452830189 0.014739914521004871 0.006580188679245147
0 0.18050661940998644 0.6876533018867925 0.009360992390284591 0.010589622641509422
0 0.425518607317836 0.34727594339622647 0.009360992390284572 0.006733490566037758
0 0.3364745126654852 0.29787735849056607 0.008214322943813189 0.007063679245282994
0 0.32924007088502033 0.2907311320754717 0.009632023350359672 0.004646226415094379
0 0.5815073491087251 0.2848938679245283 0.010069842593557813 0.004728773584905621