0 0.647075992911498 0.2622759433962264 0.02013968518711547 0.008643867924528249
0 0.6743250286667362 0.26451650943396227 0.01717919316168038 0.008643867924528249
0 0.8003127280308558 0.39360849056603775 0.01551131033044949 0.012417452830188669
0 0.8907953716251434 0.5300471698113208 0.016178463462941654 0.009622641509433904
0 0.6749921817992286 0.4916509433962265 0.02641509433962251 0.012405660377358529
0 0.6135723965391432 0.6302712264150945 0.018492650891274883 0.01392688679245282
0 0.5544459501720005 0.7230896226415094 0.02708224747211515 0.009068396226415133
0 0.5154800375273637 0.6790919811320755 0.02443448347753584 0.01183962264150935
0 0.4207025956426561 0.7412146226415095 0.025101636610028163 0.011698113207547323
0 0.4326071093505681 0.6303537735849056 0.01717919316168038 0.008502358490566131
0 0.5068904409465236 0.4886556603773585 0.025101636610028163 0.014245283018867915
0 0.16912331908683417 0.6345047169811321 0.016178463462941713 0.006591981132075375
0 0.19491295736474512 0.6034080188679247 0.024288543729803023 0.010908018867924519
0 0.11320754716981132 0.5072641509433963 0.014281246742416348 0.0072759433962263035
0 0.19174397998540602 0.32344339622641505 0.01749192119253616 0.013396226415094326
0 0.32363181486500575 0.3163797169811321 0.016428645887626377 0.009834905660377391
0 0.3774835817783801 0.4012382075471699 0.03200250182424692 0.01628537735849047
0 0.23619305743771501 0.548372641509434 0.019076409882205766 0.012688679245282941
0 0.28787657667048894 0.5922405660377359 0.022266235796935274 0.01136792452830182