0 0.4146565203794434 0.2519693396226415 0.015386219118106894 0.009457547169811332
0 0.37650370061503186 0.27120283018867924 0.016032523715209072 0.013101415094339597
0 0.2905451892004587 0.2582311320754717 0.017325132909413118 0.012181603773584904
0 0.1744605441467737 0.3270872641509434 0.016032523715208996 0.009504716981131978
0 0.4223496299384969 0.33216981132075474 0.019243198165328886 0.013136792452830193
0 0.33353486917544045 0.3708254716981132 0.01859689356822686 0.014257075471698143
0 0.1438340456582925 0.43560141509433964 0.01442718649014905 0.008844339622641506
0 0.11656416136766391 0.4414033018867925 0.021494839987490893 0.013938679245283048
0 0.40519128531220683 0.42870283018867933 0.021494839987490893 0.010294811320754781
0 0.5105389346398416 0.47522405660377365 0.01859689356822686 0.011910377358490543
0 0.7547586782028562 0.39423349056603774 0.016345251746065013 0.011002358490566078
0 0.7725633274262483 0.3807075471698113 0.01924319816532904 0.01117924528301888
0 0.7837798394662775 0.3309080188679246 0.014760763056395487 0.01060141509433965
0 0.7368080892317316 0.5160377358490567 0.01507349108725111 0.01192216981132077
0 0.22399666423433756 0.5030424528301887 0.01507349108725111 0.010966981132075481
0 0.0901073699572605 0.5435966981132077 0.012821849265089143 0.008266509433962278
0 0.11320754716981132 0.6141745283018869 0.02051495882414263 0.012287735849056602
0 0.23233607839049306 0.7125707547169812 0.018284165537371003 0.012075471698113205
0 0.638340456582925 0.7337028301886792 0.014427186490148932 0.009728773584905603
0 0.6766600646304597 0.733620283018868 0.019889502762430906 0.010636792452830158