0 0.2026686125299698 0.3051179245283019 0.010382570624413596 0.006957547169811296
0 0.33172104659647667 0.2578773584905661 0.013238819972896944 0.007983490566037688
0 0.40573334723235693 0.26849056603773586 0.01457312623788183 0.008738207547169807
0 0.471739810278328 0.26726415094339623 0.012905243406650625 0.0062735849056603675
0 0.5977692067132285 0.25987028301886794 0.012738455123527583 0.009681603773584868
0 0.6379651829458981 0.31748820754716983 0.013739184822266305 0.006108490566037706
0 0.7449807151047639 0.34732311320754716 0.01674137391848216 0.006674528301886795
0 0.8810799541332222 0.3883490566037736 0.013572396539143106 0.008573113207547145
0 0.7429792557072866 0.4270990566037736 0.017074950484728554 0.007629716981132084
0 0.5605754195767748 0.4854481132075472 0.015740644219743437 0.008384433962264204
0 0.5134368810591057 0.4751179245283019 0.018930470134472945 0.011037735849056674
0 0.5028875221515688 0.40535377358490565 0.017929740435734382 0.008101415094339615
0 0.40721359324507456 0.7438915094339624 0.01859689356822686 0.010872641509434011
0 0.37122902116126344 0.7219457547169812 0.017137496090899616 0.009339622641509494
0 0.18146565203794437 0.6764740566037737 0.01786719482956322 0.010589622641509422
0 0.10889190034400083 0.5943278301886793 0.01811737725424788 0.01155660377358494
0 0.14683623475450852 0.5581367924528302 0.016637131241530257 0.009775943396226339
0 0.08564578338371728 0.5310849056603775 0.01713749609089961 0.008808962264151
0 0.170561868028771 0.4699646226415094 0.015865735432085932 0.010801886792452819