0 0.3099343271135203 0.2600471698113208 0.015386219118106972 0.011591981132075446
0 0.547023871573022 0.2500235849056604 0.01503179401647035 0.010978773584905621
0 0.705576983216929 0.27205188679245285 0.013238819972896944 0.01069575471698112
0 0.5874700302303763 0.2980542452830189 0.011091420827686995 0.009268867924528301
0 0.4453872615448765 0.3105542452830189 0.013593245074533408 0.010589622641509422
0 0.49961430209527785 0.38678066037735853 0.012529969769623624 0.008785377358490632
0 0.2083811112269363 0.3766509433962264 0.01198790784947358 0.009174528301886743
0 0.15523819451683518 0.36435141509433966 0.015219430834983852 0.00946933962264147
0 0.20677577400187638 0.30428066037735846 0.010924632544563795 0.008962264150943432
0 0.20112582091108103 0.2975471698113208 0.011445845929323458 0.00824292452830191
0 0.16051287397060357 0.48287735849056607 0.013947670176170107 0.009681603773584868
0 0.32173459814448035 0.5002358490566038 0.012175544667987002 0.009174528301886831
0 0.13689148337329302 0.5760495283018868 0.012884394871260323 0.00897405660377366
0 0.1841342645679141 0.6892099056603775 0.01503179401647035 0.010589622641509422
0 0.34268737621182116 0.6464858490566039 0.012175544667987002 0.01016509433962245
0 0.6390910038569791 0.7401297169811321 0.014489732096320308 0.00918632075471688
0 0.8457833837172939 0.6624882075471699 0.012342332951110122 0.008773584905660492
0 0.7218596893568228 0.40793632075471703 0.014677368914833651 0.011002358490566166
0 0.5896174293755865 0.4828301886792453 0.016470342958407137 0.010188679245283083
0 0.5085583237777547 0.47675707547169816 0.017533618263317077 0.011391509433962277