0 0.6301678307098927 0.3079009433962264 0.022662357969352658 0.012535377358490595
0 0.5946836234754509 0.32898584905660383 0.01609506932138029 0.010188679245282994
0 0.4286458876263943 0.2598466981132076 0.0166996768477014 0.009492924528301926
0 0.41165433128322737 0.27030660377358495 0.01847180235588458 0.010176886792452855
0 0.3726050244970291 0.29476415094339625 0.02622745752110917 0.012547169811320735
0 0.22789534035234027 0.28016509433962267 0.019368289377671166 0.01068396226415098
0 0.22774940060460752 0.32992924528301887 0.017283435838632358 0.009033018867924448
0 0.2606692379860315 0.33911556603773585 0.013405608256020064 0.008195754716981174
0 0.148900239758157 0.4217334905660378 0.015198582299593432 0.00955188679245289
0 0.5097258417596164 0.4568867924528302 0.019681017408527107 0.012063679245282977
0 0.3353486917544043 0.5408372641509434 0.017888043364953542 0.012040094339622697
0 0.17885958511414574 0.7024882075471699 0.02683206504743043 0.010589622641509422
0 0.3396643385802148 0.7321462264150944 0.01759616386948814 0.01022405660377359
0 0.5112269363077244 0.712747641509434 0.02622745752110917 0.011898584905660314
0 0.6253935161054937 0.7437735849056605 0.01847180235588458 0.009221698113207388
0 0.7535703116856041 0.6852594339622642 0.015490461795058716 0.011544811320754711
0 0.7972271447930783 0.6982547169811322 0.02057750443031369 0.011238207547169842
0 0.8830605649953092 0.4237735849056604 0.025476910247055166 0.017735849056603747
0 0.4533305535286147 0.282311320754717 0.020765141248827192 0.013384433962264186
0 0.6721984780569166 0.6739740566037736 0.02443448347753584 0.011202830188679158