0 0.233941415615553 0.27375 0.017325132909413118 0.008349056603773608
0 0.15290315855311165 0.3243042452830189 0.013217971437506524 0.0070754716981132225
0 0.17418951318669865 0.3279481132075472 0.015782341290524332 0.007405660377358458
0 0.3658292504951528 0.3240801886792453 0.014760763056395329 0.007358490566037723
0 0.6037318878348796 0.3322877358490566 0.015907432502866633 0.007794811320754746
0 0.6984884811841968 0.2726179245283019 0.01367663921609493 0.005554245283018844
0 0.6992390284582508 0.2568750000000001 0.0124048785572815 0.00369103773584909
0 0.8358594808714688 0.4466981132075472 0.018096528718857266 0.010271226415094325
0 0.7098509329719589 0.4739504716981132 0.0110705722922963 0.0057665094339622415
0 0.49048264359428756 0.47746462264150946 0.01513603669342233 0.010542452830188686
0 0.5002397581569895 0.5005778301886793 0.016428645887626377 0.010459905660377444
0 0.3597623266965496 0.600436320754717 0.01782549775878244 0.01174528301886788
0 0.3101011153966434 0.6928537735849056 0.01799228604190552 0.009351415094339722
0 0.30222036901907645 0.7065801886792452 0.012550818305014004 0.008726415094339756
0 0.27866152402793704 0.7045283018867925 0.016178463462941734 0.009988207547169914
0 0.21578234129052437 0.702558962264151 0.019243198165328886 0.007936320754716952
0 0.7334723235692694 0.7084080188679246 0.026644428228916772 0.014056603773584975
0 0.6897112477848432 0.7052240566037736 0.02103617220890237 0.009610849056603855
0 0.17606588137183365 0.47490566037735854 0.016366100281455236 0.008030660377358423
0 0.1378713645366413 0.654375 0.012759303658917963 0.004516509433962135