0 0.4498905451892005 0.2440919811320755 0.016386948816845614 0.01099056603773585
0 0.3766496403627645 0.28799528301886795 0.015886583967476334 0.01031839622641506
0 0.27980819347440844 0.2928419811320755 0.012905243406650703 0.009056603773584904
0 0.26900865214218705 0.28350235849056604 0.016637131241530257 0.008066037735849019
0 0.5308245595746899 0.3011320754716981 0.01738767851558434 0.012158018867924536
0 0.6297717085374752 0.31727594339622645 0.01563640154279161 0.009893867924528265
0 0.6323777754612739 0.2577122641509434 0.013405608256019908 0.01042452830188676
0 0.6673824663817367 0.26024764150943397 0.01786719482956332 0.012110849056603711
0 0.5328260189721672 0.457558962264151 0.016887313666215056 0.011568396226414989
0 0.5145627019701866 0.4745636792452831 0.0176378609402689 0.011863207547169807
0 0.4463879912436152 0.7167216981132076 0.015678098613572375 0.009044811320754853
0 0.29477744188470756 0.721556603773585 0.016491191493797595 0.011202830188679158
0 0.21202960492025436 0.6942688679245284 0.01507349108725111 0.008478773584905674
0 0.14679453768372772 0.6606603773584906 0.016095069321380176 0.009504716981131978
0 0.20187636818513502 0.6524056603773586 0.01528197644115507 0.0087028301886793
0 0.21223809027415824 0.5698231132075472 0.013072031689773824 0.0100471698113207
0 0.3083498384238508 0.41732311320754717 0.015886583967476334 0.011426886792452962
0 0.17362660273115815 0.3409433962264151 0.019097258417596144 0.013573113207547127
0 0.3388512456999896 0.4548584905660378 0.019931199833211746 0.011910377358490543
0 0.15776086729907227 0.3883608490566038 0.016532888564578355 0.011745283018867968